message,cod,city_id,calctime,cnt,dt,main.temp,main.feels_like,main.pressure,main.humidity,main.temp_min,main.temp_max,wind.speed,wind.deg,clouds.all,weather.id,weather.main,weather.description,weather.icon
Count: 168,200,2802985,0.006116744,168,1583017200,278.13,268.87,995,80,277.04,279.15,10.8,220,75,803,Clouds,broken clouds,04n
Count: 168,200,2802985,0.006116744,168,1583020800,278.32,270.56,995,80,277.04,279.82,8.7,220,78,600,Snow,light snow,13n
Count: 168,200,2802985,0.006116744,168,1583024400,278.33,268.95,995,75,277.04,279.26,10.8,220,67,500,Rain,light rain,10n
Count: 168,200,2802985,0.006116744,168,1583028000,278.44,270.13,995,75,277.04,279.26,9.3,210,20,801,Clouds,few clouds,02n
Count: 168,200,2802985,0.006116744,168,1583031600,278.61,269.83,994,70,277.04,279.82,9.8,220,75,803,Clouds,broken clouds,04n
Count: 168,200,2802985,0.006116744,168,1583035200,278.87,271.05,994,75,277.59,279.82,8.7,210,40,802,Clouds,scattered clouds,03n
Count: 168,200,2802985,0.006116744,168,1583038800,279.26,271.5,994,75,277.04,280.37,8.7,220,90,804,Clouds,overcast clouds,04n
Count: 168,200,2802985,0.006116744,168,1583042400,278.99,269.72,994,75,276.48,280.37,10.8,230,20,801,Clouds,few clouds,02n
Count: 168,200,2802985,0.006116744,168,1583046000,278.82,270.57,994,75,275.93,280.15,9.3,220,20,801,Clouds,few clouds,02d
Count: 168,200,2802985,0.006116744,168,1583049600,279.46,271.31,994,75,276.48,280.93,9.3,220,75,803,Clouds,broken clouds,04d
Count: 168,200,2802985,0.006116744,168,1583053200,279.83,271.39,995,75,277.04,280.93,9.8,220,75,803,Clouds,broken clouds,04d
Count: 168,200,2802985,0.006116744,168,1583056800,280.79,271.99,995,70,278.15,282.04,10.3,220,20,801,Clouds,few clouds,02d
Count: 168,200,2802985,0.006116744,168,1583060400,281.88,272.03,995,65,279.26,284.26,11.8,230,90,804,Clouds,overcast clouds,04d
Count: 168,200,2802985,0.006116744,168,1583064000,282.44,272.53,995,61,281.15,283.71,11.8,220,75,803,Clouds,broken clouds,04d
Count: 168,200,2802985,0.006116744,168,1583067600,282.66,273.33,994,57,281.15,284.26,10.8,230,40,802,Clouds,scattered clouds,03d
Count: 168,200,2802985,0.006116744,168,1583071200,282.52,274.64,994,57,278.71,284.26,8.7,230,100,500,Rain,light rain,10d
Count: 168,200,2802985,0.006116744,168,1583074800,282.65,275.65,993,61,280.93,284.26,7.7,210,90,804,Clouds,overcast clouds,04d
Count: 168,200,2802985,0.006116744,168,1583078400,281.88,275.29,992,66,279.26,283.15,7.2,210,100,500,Rain,light rain,10d
Count: 168,200,2802985,0.006116744,168,1583082000,281.03,275.67,992,75,278.15,282.59,5.7,190,20,801,Clouds,few clouds,02d
Count: 168,200,2802985,0.006116744,168,1583085600,279.73,275.81,992,81,277.04,282.04,3.6,210,75,301,Drizzle,drizzle,09n
Count: 168,200,2802985,0.006116744,168,1583089200,278.99,275.3,992,93,276.48,280.37,3.6,200,90,312,Drizzle,heavy intensity drizzle rain,09n
Count: 168,200,2802985,0.006116744,168,1583092800,278.43,274.99,992,93,276.48,280.15,3.1,190,90,311,Drizzle,drizzle rain,09n
Count: 168,200,2802985,0.006116744,168,1583096400,277.92,274.23,992,100,275.93,279.82,3.6,220,100,501,Rain,moderate rain,10n
Count: 168,200,2802985,0.006116744,168,1583100000,277.95,273.37,993,93,275.37,279.26,4.6,220,75,803,Clouds,broken clouds,04n
Count: 168,200,2802985,0.006116744,168,1583103600,277.97,272.62,994,93,275.93,279.26,5.7,220,90,804,Clouds,overcast clouds,04n
Count: 168,200,2802985,0.006116744,168,1583107200,277.66,271.36,994,86,275.93,279.26,6.7,220,75,803,Clouds,broken clouds,04n
Count: 168,200,2802985,0.006116744,168,1583110800,277.28,271.11,994,93,275.93,278.15,6.7,200,100,500,Rain,light rain,10n
Count: 168,200,2802985,0.006116744,168,1583114400,277.0,270.24,994,86,275.37,278.15,7.2,200,75,803,Clouds,broken clouds,04n
Count: 168,200,2802985,0.006116744,168,1583118000,276.91,271.02,993,93,275.93,278.15,6.2,190,20,801,Clouds,few clouds,02n
Count: 168,200,2802985,0.006116744,168,1583121600,277.02,271.31,992,86,275.37,278.15,5.7,180,82,803,Clouds,broken clouds,04n
Count: 168,200,2802985,0.006116744,168,1583125200,277.06,272.13,991,86,275.93,278.71,4.6,180,91,804,Clouds,overcast clouds,04n
Count: 168,200,2802985,0.006116744,168,1583128800,277.41,272.02,990,80,275.93,278.71,5.1,170,91,804,Clouds,overcast clouds,04n
Count: 168,200,2802985,0.006116744,168,1583132400,277.95,272.65,990,80,276.48,279.26,5.1,180,40,802,Clouds,scattered clouds,03d
Count: 168,200,2802985,0.006116744,168,1583136000,278.84,274.06,990,81,276.48,279.82,4.6,170,100,804,Clouds,overcast clouds,04d
Count: 168,200,2802985,0.006116744,168,1583139600,279.81,276.25,989,81,278.15,280.93,3.1,130,75,803,Clouds,broken clouds,04d
Count: 168,200,2802985,0.006116744,168,1583143200,280.57,274.98,989,81,278.15,281.48,6.2,190,90,804,Clouds,overcast clouds,04d
Count: 168,200,2802985,0.006116744,168,1583146800,281.58,275.97,988,75,278.15,283.71,6.2,190,90,804,Clouds,overcast clouds,04d
Count: 168,200,2802985,0.006116744,168,1583150400,281.98,276.44,988,75,279.26,283.15,6.2,200,90,500,Rain,light rain,10d
Count: 168,200,2802985,0.006116744,168,1583154000,282.07,278.25,988,81,281.15,283.15,4.1,200,90,500,Rain,light rain,10d
Count: 168,200,2802985,0.006116744,168,1583157600,281.86,280.16,987,81,280.93,283.15,1.0,240,75,803,Clouds,broken clouds,04d
Count: 168,200,2802985,0.006116744,168,1583161200,281.39,277.92,988,81,279.26,283.15,3.4,168,90,500,Rain,light rain,10d
Count: 168,200,2802985,0.006116744,168,1583164800,280.73,279.57,989,93,278.71,282.04,0.5,240,75,501,Rain,moderate rain,10d
Count: 168,200,2802985,0.006116744,168,1583168400,280.12,277.95,989,100,278.15,281.15,2.1,240,75,500,Rain,light rain,10d
Count: 168,200,2802985,0.006116744,168,1583172000,279.86,278.17,990,93,278.15,280.93,1.0,230,75,500,Rain,light rain,10n
Count: 168,200,2802985,0.006116744,168,1583175600,279.51,276.15,991,100,278.15,280.93,3.6,220,75,500,Rain,light rain,10n
Count: 168,200,2802985,0.006116744,168,1583179200,279.12,276.38,992,100,277.59,279.82,2.6,230,75,500,Rain,light rain,10n
Count: 168,200,2802985,0.006116744,168,1583182800,278.88,276.44,993,100,277.59,279.82,2.1,280,75,310,Drizzle,light intensity drizzle rain,09n
Count: 168,200,2802985,0.006116744,168,1583186400,278.45,273.19,994,93,277.04,279.26,5.7,300,75,301,Drizzle,drizzle,09n
Count: 168,200,2802985,0.006116744,168,1583190000,277.99,274.11,996,93,276.48,279.26,3.6,280,90,804,Clouds,overcast clouds,04n
Count: 168,200,2802985,0.006116744,168,1583193600,277.41,273.59,997,86,276.48,279.26,3.1,270,100,500,Rain,light rain,10n
Count: 168,200,2802985,0.006116744,168,1583197200,276.82,273.09,998,93,275.93,278.15,3.1,250,100,600,Snow,light snow,13n
Count: 168,200,2802985,0.006116744,168,1583200800,276.46,272.67,998,93,274.82,277.59,3.1,230,90,600,Snow,light snow,13n
Count: 168,200,2802985,0.006116744,168,1583204400,276.26,271.73,999,93,275.15,277.15,4.1,220,40,802,Clouds,scattered clouds,03n
Count: 168,200,2802985,0.006116744,168,1583208000,275.92,271.34,1000,93,274.82,277.15,4.1,230,90,600,Snow,light snow,13n
Count: 168,200,2802985,0.006116744,168,1583211600,275.59,270.6,1000,93,274.15,277.15,4.6,220,77,803,Clouds,broken clouds,04n
Count: 168,200,2802985,0.006116744,168,1583215200,275.22,270.25,1001,96,274.15,276.48,4.6,230,77,803,Clouds,broken clouds,04n
Count: 168,200,2802985,0.006116744,168,1583218800,275.1,270.11,1001,96,273.71,276.15,4.6,210,77,803,Clouds,broken clouds,04d
Count: 168,200,2802985,0.006116744,168,1583222400,276.35,270.72,1002,93,274.82,278.15,5.7,210,7,800,Clear,clear sky,01d
Count: 168,200,2802985,0.006116744,168,1583226000,277.53,271.56,1002,86,275.15,279.26,6.2,210,40,802,Clouds,scattered clouds,03d
Count: 168,200,2802985,0.006116744,168,1583229600,278.3,272.11,1002,86,275.93,279.82,6.7,210,90,804,Clouds,overcast clouds,04d
Count: 168,200,2802985,0.006116744,168,1583233200,279.17,272.78,1002,86,275.93,281.48,7.2,230,90,804,Clouds,overcast clouds,04d
Count: 168,200,2802985,0.006116744,168,1583236800,279.79,273.33,1003,80,277.59,281.48,7.2,230,75,803,Clouds,broken clouds,04d
Count: 168,200,2802985,0.006116744,168,1583240400,280.36,274.36,1003,70,278.71,282.59,6.2,230,75,803,Clouds,broken clouds,04d
Count: 168,200,2802985,0.006116744,168,1583244000,280.75,275.59,1003,70,279.26,282.04,5.1,260,90,804,Clouds,overcast clouds,04d
Count: 168,200,2802985,0.006116744,168,1583247600,280.5,275.65,1003,70,277.59,282.04,4.6,260,90,804,Clouds,overcast clouds,04d
Count: 168,200,2802985,0.006116744,168,1583251200,279.82,275.05,1003,65,277.04,281.15,4.1,240,75,803,Clouds,broken clouds,04d
Count: 168,200,2802985,0.006116744,168,1583254800,279.21,273.81,1004,70,277.04,280.93,5.1,240,40,802,Clouds,scattered clouds,03d
Count: 168,200,2802985,0.006116744,168,1583258400,278.38,273.35,1005,75,277.04,280.15,4.6,230,68,500,Rain,light rain,10n
Count: 168,200,2802985,0.006116744,168,1583262000,277.67,272.54,1006,75,276.15,279.15,4.6,220,68,500,Rain,light rain,10n
Count: 168,200,2802985,0.006116744,168,1583265600,276.94,271.48,1007,80,274.82,278.15,5.1,230,67,600,Snow,light snow,13n
Count: 168,200,2802985,0.006116744,168,1583269200,276.68,272.04,1007,86,275.15,277.59,4.1,200,40,802,Clouds,scattered clouds,03n
Count: 168,200,2802985,0.006116744,168,1583272800,276.7,270.94,1008,86,275.15,277.59,5.7,200,20,801,Clouds,few clouds,02n
Count: 168,200,2802985,0.006116744,168,1583276400,276.55,271.72,1008,93,274.82,277.59,4.6,210,75,803,Clouds,broken clouds,04n
Count: 168,200,2802985,0.006116744,168,1583280000,276.5,271.66,1008,93,274.15,277.59,4.6,200,40,802,Clouds,scattered clouds,03n
Count: 168,200,2802985,0.006116744,168,1583283600,276.72,271.57,1009,93,274.82,278.15,5.1,200,75,803,Clouds,broken clouds,04n
Count: 168,200,2802985,0.006116744,168,1583287200,277.31,272.61,1009,93,276.15,278.15,4.6,210,90,500,Rain,light rain,10n
Count: 168,200,2802985,0.006116744,168,1583290800,277.49,272.67,1009,100,276.48,278.15,5.1,220,90,804,Clouds,overcast clouds,04n
Count: 168,200,2802985,0.006116744,168,1583294400,277.9,272.54,1009,93,276.48,279.15,5.7,230,75,803,Clouds,broken clouds,04n
Count: 168,200,2802985,0.006116744,168,1583298000,277.79,273.53,1010,93,276.48,278.71,4.1,240,90,804,Clouds,overcast clouds,04n
Count: 168,200,2802985,0.006116744,168,1583301600,277.08,272.5,1010,86,275.15,278.71,4.1,230,75,803,Clouds,broken clouds,04n
Count: 168,200,2802985,0.006116744,168,1583305200,276.99,272.4,1010,86,275.37,278.71,4.1,230,91,804,Clouds,overcast clouds,04d
Count: 168,200,2802985,0.006116744,168,1583308800,277.8,273.19,1011,93,275.93,279.82,4.6,220,84,803,Clouds,broken clouds,04d
Count: 168,200,2802985,0.006116744,168,1583312400,279.15,274.8,1011,93,277.15,280.37,4.6,210,75,803,Clouds,broken clouds,04d
Count: 168,200,2802985,0.006116744,168,1583316000,280.42,275.36,1011,87,279.15,282.04,5.7,230,40,802,Clouds,scattered clouds,03d
Count: 168,200,2802985,0.006116744,168,1583319600,281.31,275.86,1011,81,279.15,283.15,6.2,230,75,803,Clouds,broken clouds,04d
Count: 168,200,2802985,0.006116744,168,1583323200,281.69,275.97,1012,81,279.82,283.71,6.7,230,90,804,Clouds,overcast clouds,04d
Count: 168,200,2802985,0.006116744,168,1583326800,281.83,276.62,1011,75,279.26,284.26,5.7,230,90,804,Clouds,overcast clouds,04d
Count: 168,200,2802985,0.006116744,168,1583330400,281.88,276.68,1010,75,280.37,283.15,5.7,230,75,803,Clouds,broken clouds,04d
Count: 168,200,2802985,0.006116744,168,1583334000,281.86,276.89,1010,70,279.15,283.71,5.1,230,20,801,Clouds,few clouds,02d
Count: 168,200,2802985,0.006116744,168,1583337600,280.88,274.8,1009,65,279.15,282.15,6.2,220,75,803,Clouds,broken clouds,04d
Count: 168,200,2802985,0.006116744,168,1583341200,280.17,275.26,1009,70,278.15,282.15,4.6,200,40,802,Clouds,scattered clouds,03d
Count: 168,200,2802985,0.006116744,168,1583344800,279.19,274.48,1009,70,278.15,281.15,4.1,200,20,801,Clouds,few clouds,02n
Count: 168,200,2802985,0.006116744,168,1583348400,278.48,274.87,1009,75,277.04,280.15,2.6,180,90,500,Rain,light rain,10n
Count: 168,200,2802985,0.006116744,168,1583352000,278.35,274.02,1009,75,276.48,280.15,3.6,190,100,500,Rain,light rain,10n
Count: 168,200,2802985,0.006116744,168,1583355600,278.46,274.14,1008,75,277.04,279.82,3.6,190,20,801,Clouds,few clouds,02n
Count: 168,200,2802985,0.006116744,168,1583359200,278.34,272.54,1008,75,277.04,279.26,5.7,200,90,804,Clouds,overcast clouds,04n
Count: 168,200,2802985,0.006116744,168,1583362800,278.22,274.19,1007,86,277.04,279.26,3.6,150,75,803,Clouds,broken clouds,04n
Count: 168,200,2802985,0.006116744,168,1583366400,278.11,274.23,1006,80,276.48,279.26,3.1,140,40,802,Clouds,scattered clouds,03n
Count: 168,200,2802985,0.006116744,168,1583370000,278.01,273.59,1004,86,276.48,279.26,4.1,120,90,804,Clouds,overcast clouds,04n
Count: 168,200,2802985,0.006116744,168,1583373600,278.04,274.32,1004,86,276.48,279.26,3.1,110,90,500,Rain,light rain,10n
Count: 168,200,2802985,0.006116744,168,1583377200,277.96,274.23,1002,86,276.48,279.26,3.1,140,90,500,Rain,light rain,10n
Count: 168,200,2802985,0.006116744,168,1583380800,278.0,273.93,1001,86,276.48,279.26,3.6,140,90,804,Clouds,overcast clouds,04n
Count: 168,200,2802985,0.006116744,168,1583384400,277.99,274.81,1001,93,276.48,279.26,2.6,120,90,300,Drizzle,light intensity drizzle,09n
Count: 168,200,2802985,0.006116744,168,1583388000,278.01,274.49,1000,93,276.48,279.26,3.1,100,90,300,Drizzle,light intensity drizzle,09n
Count: 168,200,2802985,0.006116744,168,1583391600,278.2,274.01,999,93,276.48,279.82,4.1,110,90,701,Mist,mist,50d
Count: 168,200,2802985,0.006116744,168,1583395200,278.79,275.28,998,100,278.15,279.82,3.6,110,90,804,Clouds,overcast clouds,04d
Count: 168,200,2802985,0.006116744,168,1583398800,279.38,275.42,997,93,278.15,280.93,4.1,100,90,804,Clouds,overcast clouds,04d
Count: 168,200,2802985,0.006116744,168,1583402400,279.93,276.31,996,100,278.71,280.93,4.1,110,90,701,Mist,mist,50d
Count: 168,200,2802985,0.006116744,168,1583406000,280.2,276.41,995,93,279.15,281.48,4.1,110,90,804,Clouds,overcast clouds,04d
Count: 168,200,2802985,0.006116744,168,1583409600,280.51,276.44,994,93,278.71,281.48,4.6,80,90,804,Clouds,overcast clouds,04d
Count: 168,200,2802985,0.006116744,168,1583413200,280.43,277.28,993,100,278.71,281.48,3.6,80,40,520,Rain,light intensity shower rain,09d
Count: 168,200,2802985,0.006116744,168,1583416800,280.42,276.56,991,100,279.15,281.48,4.6,70,90,500,Rain,light rain,10d
Count: 168,200,2802985,0.006116744,168,1583420400,280.27,274.68,989,93,278.71,281.48,6.7,100,90,500,Rain,light rain,10d
Count: 168,200,2802985,0.006116744,168,1583424000,280.02,275.49,989,93,278.71,280.93,5.1,110,90,500,Rain,light rain,10d
Count: 168,200,2802985,0.006116744,168,1583427600,279.48,272.89,987,100,278.15,280.37,8.2,90,90,500,Rain,light rain,10d
Count: 168,200,2802985,0.006116744,168,1583431200,279.41,273.86,987,100,278.15,280.93,6.7,100,90,500,Rain,light rain,10n
Count: 168,200,2802985,0.006116744,168,1583434800,279.26,273.81,986,93,278.15,280.37,6.2,100,90,501,Rain,moderate rain,10n
Count: 168,200,2802985,0.006116744,168,1583438400,279.3,274.63,986,93,278.71,280.37,5.1,90,75,500,Rain,light rain,10n
Count: 168,200,2802985,0.006116744,168,1583442000,279.27,274.81,985,100,278.71,280.37,5.1,100,90,501,Rain,moderate rain,10n
Count: 168,200,2802985,0.006116744,168,1583445600,279.26,275.5,985,100,278.15,280.37,4.1,70,90,804,Clouds,overcast clouds,04n
Count: 168,200,2802985,0.006116744,168,1583449200,279.2,277.38,983,93,278.15,280.15,1.0,0,95,501,Rain,moderate rain,10n
Count: 168,200,2802985,0.006116744,168,1583452800,279.18,276.1,985,100,278.15,280.37,3.1,80,75,701,Mist,mist,50n
Count: 168,200,2802985,0.006116744,168,1583456400,279.09,276.69,984,100,278.15,279.82,2.1,100,90,701,Mist,mist,50n
Count: 168,200,2802985,0.006116744,168,1583460000,278.89,276.1,985,100,278.15,279.82,2.6,360,75,701,Mist,mist,50n
Count: 168,200,2802985,0.006116744,168,1583463600,278.46,274.53,985,100,277.59,279.26,4.1,340,75,301,Drizzle,drizzle,09n
Count: 168,200,2802985,0.006116744,168,1583467200,278.02,274.0,986,100,277.15,279.15,4.1,320,90,701,Mist,mist,50n
Count: 168,200,2802985,0.006116744,168,1583470800,277.5,273.38,988,100,276.15,278.71,4.1,310,90,701,Mist,mist,50n
Count: 168,200,2802985,0.006116744,168,1583474400,277.35,272.5,989,100,276.15,278.71,5.1,310,90,310,Drizzle,light intensity drizzle rain,09n
Count: 168,200,2802985,0.006116744,168,1583478000,277.3,274.19,991,100,276.15,278.71,2.6,300,75,500,Rain,light rain,10d
Count: 168,200,2802985,0.006116744,168,1583481600,277.4,273.61,992,100,275.93,278.71,3.6,310,75,301,Drizzle,drizzle,09d
Count: 168,200,2802985,0.006116744,168,1583485200,277.69,273.25,994,100,276.48,278.71,4.6,310,75,803,Clouds,broken clouds,04d
Count: 168,200,2802985,0.006116744,168,1583488800,278.08,273.17,995,93,276.48,279.82,5.1,290,75,803,Clouds,broken clouds,04d
Count: 168,200,2802985,0.006116744,168,1583492400,278.67,275.27,997,93,277.04,280.37,3.1,310,90,804,Clouds,overcast clouds,04d
Count: 168,200,2802985,0.006116744,168,1583496000,279.29,275.13,998,87,277.04,281.48,4.1,300,75,803,Clouds,broken clouds,04d
Count: 168,200,2802985,0.006116744,168,1583499600,280.09,276.58,999,81,277.04,282.15,3.1,320,90,804,Clouds,overcast clouds,04d
Count: 168,200,2802985,0.006116744,168,1583503200,280.56,275.89,1000,75,277.04,282.15,4.6,310,75,803,Clouds,broken clouds,04d
Count: 168,200,2802985,0.006116744,168,1583506800,280.38,276.73,1001,75,277.04,282.15,3.1,300,20,801,Clouds,few clouds,02d
Count: 168,200,2802985,0.006116744,168,1583510400,279.82,275.21,1001,81,278.15,281.48,4.6,290,100,500,Rain,light rain,10d
Count: 168,200,2802985,0.006116744,168,1583514000,278.87,273.69,1004,93,277.04,280.93,5.7,290,75,803,Clouds,broken clouds,04d
Count: 168,200,2802985,0.006116744,168,1583517600,278.49,273.66,1004,93,276.48,280.37,5.1,270,75,803,Clouds,broken clouds,04n
Count: 168,200,2802985,0.006116744,168,1583521200,278.18,273.99,1006,93,277.04,279.26,4.1,270,75,803,Clouds,broken clouds,04n
Count: 168,200,2802985,0.006116744,168,1583524800,277.88,274.49,1007,86,276.48,278.71,2.6,270,90,804,Clouds,overcast clouds,04n
Count: 168,200,2802985,0.006116744,168,1583528400,277.84,274.64,1008,93,275.37,278.71,2.6,270,90,804,Clouds,overcast clouds,04n
Count: 168,200,2802985,0.006116744,168,1583532000,277.85,274.65,1009,93,276.48,278.71,2.6,270,75,701,Mist,mist,50n
Count: 168,200,2802985,0.006116744,168,1583535600,277.8,274.59,1010,93,276.48,278.71,2.6,270,90,701,Mist,mist,50n
Count: 168,200,2802985,0.006116744,168,1583539200,277.84,274.64,1011,93,276.48,278.71,2.6,280,75,701,Mist,mist,50n
Count: 168,200,2802985,0.006116744,168,1583542800,277.61,274.72,1012,93,276.48,278.15,2.1,270,75,701,Mist,mist,50n
Count: 168,200,2802985,0.006116744,168,1583546400,277.3,274.19,1012,100,275.93,278.15,2.6,280,90,701,Mist,mist,50n
Count: 168,200,2802985,0.006116744,168,1583550000,277.0,273.83,1013,100,275.37,278.15,2.6,270,90,701,Mist,mist,50n
Count: 168,200,2802985,0.006116744,168,1583553600,276.66,273.6,1014,93,274.82,277.59,2.1,270,75,701,Mist,mist,50n
Count: 168,200,2802985,0.006116744,168,1583557200,276.61,273.19,1014,93,275.37,277.59,2.6,290,75,803,Clouds,broken clouds,04n
Count: 168,200,2802985,0.006116744,168,1583560800,275.98,273.35,1013,98,274.15,277.59,1.5,320,100,600,Snow,light snow,13d
Count: 168,200,2802985,0.006116744,168,1583564400,276.13,273.4,1016,93,274.15,277.59,1.5,250,75,803,Clouds,broken clouds,04d
Count: 168,200,2802985,0.006116744,168,1583568000,277.4,274.31,1017,100,275.93,279.26,2.6,240,97,804,Clouds,overcast clouds,04d
Count: 168,200,2802985,0.006116744,168,1583571600,278.74,275.71,1018,93,277.15,280.37,2.6,240,20,801,Clouds,few clouds,02d
Count: 168,200,2802985,0.006116744,168,1583575200,280.03,276.36,1018,87,278.15,280.93,3.6,240,20,801,Clouds,few clouds,02d
Count: 168,200,2802985,0.006116744,168,1583578800,281.07,276.84,1019,75,279.15,282.59,4.1,230,75,803,Clouds,broken clouds,04d
Count: 168,200,2802985,0.006116744,168,1583582400,281.93,276.01,1019,65,280.37,283.15,6.2,230,75,803,Clouds,broken clouds,04d
Count: 168,200,2802985,0.006116744,168,1583586000,282.6,276.99,1019,70,281.15,284.82,6.2,230,65,803,Clouds,broken clouds,04d
Count: 168,200,2802985,0.006116744,168,1583589600,282.94,277.64,1019,57,280.93,284.82,5.1,230,40,802,Clouds,scattered clouds,03d
Count: 168,200,2802985,0.006116744,168,1583593200,282.85,277.74,1019,62,281.15,284.82,5.1,250,0,800,Clear,clear sky,01d
Count: 168,200,2802985,0.006116744,168,1583596800,282.47,276.88,1018,62,280.93,283.15,5.7,240,20,801,Clouds,few clouds,02d
Count: 168,200,2802985,0.006116744,168,1583600400,281.96,277.07,1018,83,280.37,283.15,5.7,230,23,801,Clouds,few clouds,02d
Count: 168,200,2802985,0.006116744,168,1583604000,281.48,275.7,1019,61,279.82,282.59,5.7,220,23,801,Clouds,few clouds,02n
Count: 168,200,2802985,0.006116744,168,1583607600,281.43,274.94,1019,61,280.37,282.15,6.7,220,90,804,Clouds,overcast clouds,04n
Count: 168,200,2802985,0.006116744,168,1583611200,281.27,274.9,1019,65,279.26,282.15,6.7,210,90,804,Clouds,overcast clouds,04n
Count: 168,200,2802985,0.006116744,168,1583614800,281.22,273.97,1019,70,279.26,282.15,8.2,220,90,804,Clouds,overcast clouds,04n
Count: 168,200,2802985,0.006116744,168,1583618400,281.09,274.51,1019,70,279.82,282.15,7.2,210,90,804,Clouds,overcast clouds,04n
Count: 168,200,2802985,0.039679982,168,1583622000,281.03,274.27,1018,75,279.26,282.04,7.7,210,90,804,Clouds,overcast clouds,04n
Count: 168,200,2802985,0.039679982,168,1583625600,280.89,274.45,1018,75,279.26,281.48,7.2,210,75,803,Clouds,broken clouds,04n
Count: 168,200,2802985,0.039679982,168,1583629200,280.7,274.93,1017,75,279.26,281.48,6.2,190,40,802,Clouds,scattered clouds,03n
Count: 168,200,2802985,0.039679982,168,1583632800,280.51,274.56,1016,81,279.26,281.48,6.7,200,100,804,Clouds,overcast clouds,04n
Count: 168,200,2802985,0.039679982,168,1583636400,280.36,273.68,1015,81,278.71,281.48,7.7,200,100,804,Clouds,overcast clouds,04n
Count: 168,200,2802985,0.039679982,168,1583640000,280.2,274.69,1016,75,279.26,280.93,5.7,200,100,804,Clouds,overcast clouds,04n
Count: 168,200,2802985,0.039679982,168,1583643600,280.27,273.23,1014,81,279.26,280.93,8.2,200,100,804,Clouds,overcast clouds,04n
Count: 168,200,2802985,0.039679982,168,1583647200,280.13,273.06,1014,81,278.71,280.93,8.2,200,100,804,Clouds,overcast clouds,04d
Count: 168,200,2802985,0.039679982,168,1583650800,280.33,273.3,1014,81,279.15,280.93,8.2,200,100,804,Clouds,overcast clouds,04d
Count: 168,200,2802985,0.039679982,168,1583654400,281.5,273.57,1014,81,280.15,282.59,9.8,200,97,804,Clouds,overcast clouds,04d
Count: 168,200,2802985,0.039679982,168,1583658000,282.49,273.99,1013,70,280.15,283.71,10.3,220,20,801,Clouds,few clouds,02d
Count: 168,200,2802985,0.039679982,168,1583661600,283.35,279.17,1014,57,281.15,284.82,3.6,210,75,803,Clouds,broken clouds,04d
Count: 168,200,2802985,0.039679982,168,1583665200,283.38,275.23,1012,66,282.04,285.15,9.8,220,90,804,Clouds,overcast clouds,04d
Count: 168,200,2802985,0.039679982,168,1583668800,282.58,277.32,1013,70,280.15,285.15,5.7,210,99,804,Clouds,overcast clouds,04d
Count: 168,200,2802985,0.039679982,168,1583672400,282.73,276.18,1011,81,279.82,285.37,8.2,200,90,500,Rain,light rain,10d
Count: 168,200,2802985,0.039679982,168,1583676000,282.69,276.36,1010,87,280.93,285.15,8.2,210,90,701,Mist,mist,50d
Count: 168,200,2802985,0.039679982,168,1583679600,282.23,276.99,1010,100,280.93,284.26,7.2,200,75,500,Rain,light rain,10d
Count: 168,200,2802985,0.039679982,168,1583683200,282.41,277.3,1010,93,280.93,284.26,6.7,200,75,803,Clouds,broken clouds,04d
Count: 168,200,2802985,0.039679982,168,1583686800,282.17,277.0,1009,93,280.93,283.71,6.7,200,75,301,Drizzle,drizzle,09d
Count: 168,200,2802985,0.039679982,168,1583690400,281.73,276.46,1010,93,280.15,283.71,6.7,250,75,522,Rain,heavy intensity shower rain,09n
Count: 168,200,2802985,0.039679982,168,1583694000,280.94,277.55,1009,100,279.15,282.59,4.1,240,75,500,Rain,light rain,10n
Count: 168,200,2802985,0.039679982,168,1583697600,280.55,278.47,1008,100,279.26,282.15,2.1,160,100,500,Rain,light rain,10n
Count: 168,200,2802985,0.039679982,168,1583701200,280.26,275.01,1009,93,279.26,281.48,6.2,200,100,500,Rain,light rain,10n
Count: 168,200,2802985,0.039679982,168,1583704800,279.97,275.01,1009,93,278.71,280.93,5.7,210,20,801,Clouds,few clouds,02n
Count: 168,200,2802985,0.039679982,168,1583708400,279.86,274.34,1009,87,278.71,280.93,6.2,220,99,500,Rain,light rain,10n
Count: 168,200,2802985,0.039679982,168,1583712000,279.72,273.47,1009,87,278.71,280.93,7.2,220,20,801,Clouds,few clouds,02n
Count: 168,200,2802985,0.039679982,168,1583715600,279.67,275.58,1009,87,278.15,280.93,4.1,230,40,802,Clouds,scattered clouds,03n
Count: 168,200,2802985,0.039679982,168,1583719200,279.74,274.54,1009,87,278.71,280.93,5.7,220,90,804,Clouds,overcast clouds,04n
Count: 168,200,2802985,0.039679982,168,1583722800,279.45,274.04,1009,93,277.59,280.15,6.2,220,90,804,Clouds,overcast clouds,04n
Count: 168,200,2802985,0.039679982,168,1583726400,279.26,275.09,1009,87,277.59,280.15,4.1,240,53,803,Clouds,broken clouds,04n
Count: 168,200,2802985,0.039679982,168,1583730000,279.37,275.22,1010,87,277.59,280.37,4.1,230,77,803,Clouds,broken clouds,04n
Count: 168,200,2802985,0.039679982,168,1583733600,279.25,274.57,1010,93,278.15,280.15,5.1,230,90,804,Clouds,overcast clouds,04d
Count: 168,200,2802985,0.039679982,168,1583737200,279.14,274.43,1011,93,278.15,279.82,5.1,230,90,804,Clouds,overcast clouds,04d
Count: 168,200,2802985,0.039679982,168,1583740800,279.89,275.34,1011,93,279.15,280.93,5.1,230,90,804,Clouds,overcast clouds,04d
Count: 168,200,2802985,0.039679982,168,1583744400,280.48,275.43,1012,87,279.82,281.48,5.7,240,90,804,Clouds,overcast clouds,04d
Count: 168,200,2802985,0.039679982,168,1583748000,280.99,276.6,1013,81,279.15,282.59,4.6,240,75,803,Clouds,broken clouds,04d
Count: 168,200,2802985,0.039679982,168,1583751600,281.61,275.82,1013,70,280.15,283.71,6.2,250,75,803,Clouds,broken clouds,04d
Count: 168,200,2802985,0.039679982,168,1583755200,282.15,276.46,1014,70,281.15,283.71,6.2,230,90,804,Clouds,overcast clouds,04d
Count: 168,200,2802985,0.039679982,168,1583758800,282.09,277.51,1014,70,280.93,283.71,4.6,250,75,803,Clouds,broken clouds,04d
Count: 168,200,2802985,0.039679982,168,1583762400,282.77,278.5,1014,66,280.93,284.26,4.1,260,40,802,Clouds,scattered clouds,03d
Count: 168,200,2802985,0.039679982,168,1583766000,282.84,276.07,1014,66,280.15,285.37,7.7,230,83,500,Rain,light rain,10d
Count: 168,200,2802985,0.039679982,168,1583769600,282.63,278.14,1014,70,281.48,284.26,4.6,240,90,500,Rain,light rain,10d
Count: 168,200,2802985,0.039679982,168,1583773200,281.95,276.07,1015,66,280.37,283.71,6.2,250,20,801,Clouds,few clouds,02d
Count: 168,200,2802985,0.039679982,168,1583776800,281.33,276.97,1015,70,279.82,282.15,4.1,230,20,801,Clouds,few clouds,02n
Count: 168,200,2802985,0.039679982,168,1583780400,280.89,276.27,1015,75,279.26,282.15,4.6,230,40,802,Clouds,scattered clouds,03n
Count: 168,200,2802985,0.039679982,168,1583784000,280.73,274.97,1015,75,278.71,282.15,6.2,230,20,801,Clouds,few clouds,02n
Count: 168,200,2802985,0.039679982,168,1583787600,280.48,273.97,1014,75,278.71,281.48,7.2,220,78,803,Clouds,broken clouds,04n
Count: 168,200,2802985,0.039679982,168,1583791200,280.36,273.48,1014,75,278.71,281.48,7.7,220,78,803,Clouds,broken clouds,04n
Count: 168,200,2802985,0.039679982,168,1583794800,280.47,273.96,1013,75,279.26,281.48,7.2,210,90,804,Clouds,overcast clouds,04n
Count: 168,200,2802985,0.039679982,168,1583798400,280.25,272.65,1012,75,278.71,280.93,8.7,220,75,300,Drizzle,light intensity drizzle,09n
Count: 168,200,2802985,0.039679982,168,1583802000,279.84,271.6,1010,81,278.15,281.48,9.8,210,90,500,Rain,light rain,10n
Count: 168,200,2802985,0.039679982,168,1583805600,279.36,270.01,1009,93,278.15,281.15,11.8,200,75,803,Clouds,broken clouds,04n
Count: 168,200,2802985,0.039679982,168,1583809200,279.19,270.67,1007,87,277.59,280.37,10.3,200,75,501,Rain,moderate rain,10n
Count: 168,200,2802985,0.039679982,168,1583812800,279.44,270.45,1006,93,278.15,280.37,11.3,200,75,501,Rain,moderate rain,10n
Count: 168,200,2802985,0.039679982,168,1583816400,279.91,271.02,1006,93,278.71,281.15,11.3,220,90,500,Rain,light rain,10n
Count: 168,200,2802985,0.039679982,168,1583820000,280.5,272.09,1006,93,279.26,282.04,10.8,220,75,500,Rain,light rain,10d
Count: 168,200,2802985,0.039679982,168,1583823600,281.07,273.48,1006,93,279.26,282.59,9.8,220,90,300,Drizzle,light intensity drizzle,09d
Count: 168,200,2802985,0.039679982,168,1583827200,281.76,275.35,1006,100,280.37,283.15,8.7,220,90,301,Drizzle,drizzle,09d
Count: 168,200,2802985,0.039679982,168,1583830800,282.26,276.06,1006,93,280.93,283.71,8.2,220,90,311,Drizzle,drizzle rain,09d
Count: 168,200,2802985,0.039679982,168,1583834400,282.85,277.15,1007,93,282.04,284.15,7.7,220,75,500,Rain,light rain,10d
Count: 168,200,2802985,0.039679982,168,1583838000,283.66,277.46,1007,93,282.15,284.82,8.7,230,75,500,Rain,light rain,10d
Count: 168,200,2802985,0.039679982,168,1583841600,284.23,278.07,1007,100,283.15,285.15,9.3,230,75,803,Clouds,broken clouds,04d
Count: 168,200,2802985,0.039679982,168,1583845200,284.73,279.48,1006,100,283.71,285.93,8.2,230,90,310,Drizzle,light intensity drizzle rain,09d
Count: 168,200,2802985,0.039679982,168,1583848800,285.22,279.8,1005,93,283.71,286.48,8.2,230,90,804,Clouds,overcast clouds,04d
Count: 168,200,2802985,0.039679982,168,1583852400,285.49,280.14,1006,93,284.26,286.48,8.2,240,90,804,Clouds,overcast clouds,04d
Count: 168,200,2802985,0.039679982,168,1583856000,285.78,279.05,1007,93,284.82,286.48,10.3,230,75,803,Clouds,broken clouds,04d
Count: 168,200,2802985,0.039679982,168,1583859600,285.96,279.28,1007,93,284.82,287.59,10.3,240,75,300,Drizzle,light intensity drizzle,09d
Count: 168,200,2802985,0.039679982,168,1583863200,286.06,281.58,1007,93,284.82,287.59,7.2,240,75,803,Clouds,broken clouds,04n
Count: 168,200,2802985,0.039679982,168,1583866800,286.03,279.95,1007,82,284.82,287.59,8.7,240,90,804,Clouds,overcast clouds,04n
Count: 168,200,2802985,0.039679982,168,1583870400,285.95,279.85,1008,82,284.82,287.59,8.7,250,90,804,Clouds,overcast clouds,04n
Count: 168,200,2802985,0.039679982,168,1583874000,285.75,279.6,1008,82,284.26,287.04,8.7,240,90,804,Clouds,overcast clouds,04n
Count: 168,200,2802985,0.039679982,168,1583877600,285.79,279.47,1010,87,284.26,287.04,9.3,240,75,803,Clouds,broken clouds,04n
Count: 168,200,2802985,0.039679982,168,1583881200,285.46,280.11,1010,93,284.26,286.48,8.2,240,75,310,Drizzle,light intensity drizzle rain,09n
Count: 168,200,2802985,0.039679982,168,1583884800,285.43,279.3,1010,93,284.82,286.48,9.3,240,75,310,Drizzle,light intensity drizzle rain,09n
Count: 168,200,2802985,0.039679982,168,1583888400,285.35,280.31,1009,93,284.26,286.48,7.7,240,75,301,Drizzle,drizzle,09n
Count: 168,200,2802985,0.039679982,168,1583892000,285.19,281.48,1009,100,283.71,286.15,6.2,240,75,302,Drizzle,heavy intensity drizzle,09n
Count: 168,200,2802985,0.039679982,168,1583895600,285.13,281.75,1009,100,283.71,285.93,5.7,250,75,302,Drizzle,heavy intensity drizzle,09n
Count: 168,200,2802985,0.039679982,168,1583899200,284.98,279.14,1011,93,283.71,285.93,8.7,240,75,310,Drizzle,light intensity drizzle rain,09n
Count: 168,200,2802985,0.039679982,168,1583902800,284.92,278.37,1011,87,283.71,285.93,9.3,240,75,310,Drizzle,light intensity drizzle rain,09n
Count: 168,200,2802985,0.039679982,168,1583906400,284.69,280.13,1010,100,283.71,285.37,7.2,240,75,520,Rain,light intensity shower rain,09d
Count: 168,200,2802985,0.039679982,168,1583910000,284.78,280.6,1011,100,283.71,285.37,6.7,240,75,302,Drizzle,heavy intensity drizzle,09d
Count: 168,200,2802985,0.039679982,168,1583913600,284.89,281.44,1012,100,283.71,285.93,5.7,240,90,302,Drizzle,heavy intensity drizzle,09d
Count: 168,200,2802985,0.039679982,168,1583917200,284.93,279.77,1012,93,283.15,286.48,7.7,240,90,301,Drizzle,drizzle,09d
Count: 168,200,2802985,0.039679982,168,1583920800,285.1,279.02,1013,87,283.15,286.48,8.7,240,75,803,Clouds,broken clouds,04d
Count: 168,200,2802985,0.039679982,168,1583924400,285.13,278.28,1013,87,283.15,286.48,9.8,240,75,803,Clouds,broken clouds,04d
Count: 168,200,2802985,0.039679982,168,1583928000,285.75,279.42,1014,87,284.26,287.04,9.3,230,75,803,Clouds,broken clouds,04d
Count: 168,200,2802985,0.039679982,168,1583931600,286.2,283.23,1013,93,284.82,287.04,5.1,250,75,500,Rain,light rain,10d
Count: 168,200,2802985,0.039679982,168,1583935200,286.57,283.86,1012,82,284.82,288.15,4.1,270,75,311,Drizzle,drizzle rain,09d
Count: 168,200,2802985,0.039679982,168,1583938800,286.56,284.1,1013,87,285.15,288.15,4.1,250,75,803,Clouds,broken clouds,04d
Count: 168,200,2802985,0.039679982,168,1583942400,286.58,282.26,1013,93,285.15,288.15,7.2,230,75,803,Clouds,broken clouds,04d
Count: 168,200,2802985,0.039679982,168,1583946000,286.09,282.32,1013,93,285.15,287.15,6.2,230,75,803,Clouds,broken clouds,04d
Count: 168,200,2802985,0.039679982,168,1583949600,285.5,281.21,1012,93,284.82,287.04,6.7,230,75,301,Drizzle,drizzle,09n
Count: 168,200,2802985,0.039679982,168,1583953200,285.4,280.03,1012,93,283.71,286.48,8.2,210,75,803,Clouds,broken clouds,04n
Count: 168,200,2802985,0.039679982,168,1583956800,285.65,278.94,1011,87,284.82,287.04,9.8,220,75,803,Clouds,broken clouds,04n
Count: 168,200,2802985,0.039679982,168,1583960400,285.99,278.43,1010,82,284.82,287.15,10.8,220,90,804,Clouds,overcast clouds,04n
Count: 168,200,2802985,0.039679982,168,1583964000,286.34,278.53,1009,82,284.82,287.59,11.3,220,90,804,Clouds,overcast clouds,04n
Count: 168,200,2802985,0.039679982,168,1583967600,286.42,277.63,1010,76,284.82,287.59,12.3,220,75,803,Clouds,broken clouds,04n
Count: 168,200,2802985,0.039679982,168,1583971200,286.17,278.96,1010,81,284.82,287.15,10.3,220,75,520,Rain,light intensity shower rain,09n
Count: 168,200,2802985,0.039679982,168,1583974800,285.87,277.29,1008,76,284.82,287.15,11.8,220,75,803,Clouds,broken clouds,04n
Count: 168,200,2802985,0.039679982,168,1583978400,285.66,277.49,1008,71,284.26,286.48,10.8,220,90,804,Clouds,overcast clouds,04n
Count: 168,200,2802985,0.039679982,168,1583982000,285.35,275.88,1007,76,283.71,286.48,12.9,220,90,804,Clouds,overcast clouds,04n
Count: 168,200,2802985,0.039679982,168,1583985600,284.93,275.78,1007,76,283.71,286.48,12.3,230,90,804,Clouds,overcast clouds,04n
Count: 168,200,2802985,0.039679982,168,1583989200,283.28,278.74,1008,93,281.15,285.15,6.2,250,96,501,Rain,moderate rain,10n
Count: 168,200,2802985,0.039679982,168,1583992800,283.0,277.09,1010,87,281.15,284.82,7.7,270,75,520,Rain,light intensity shower rain,09d
Count: 168,200,2802985,0.039679982,168,1583996400,282.31,274.55,1010,81,280.37,283.71,9.8,260,75,302,Drizzle,heavy intensity drizzle,09d
Count: 168,200,2802985,0.039679982,168,1584000000,281.5,275.18,1011,75,279.82,283.15,7.2,250,99,500,Rain,light rain,10d
Count: 168,200,2802985,0.039679982,168,1584003600,282.13,276.08,1012,70,280.93,283.15,6.7,260,20,801,Clouds,few clouds,02d
Count: 168,200,2802985,0.039679982,168,1584007200,282.81,274.71,1013,61,282.04,283.71,9.3,260,20,801,Clouds,few clouds,02d
Count: 168,200,2802985,0.039679982,168,1584010800,283.53,275.81,1013,57,282.59,284.82,8.7,260,20,801,Clouds,few clouds,02d
Count: 168,200,2802985,0.039679982,168,1584014400,283.78,275.94,1014,45,282.04,285.37,8.2,270,20,801,Clouds,few clouds,02d
Count: 168,200,2802985,0.039679982,168,1584018000,284.19,277.23,1013,40,282.04,285.93,6.7,250,91,804,Clouds,overcast clouds,04d
Count: 168,200,2802985,0.039679982,168,1584021600,284.31,277.45,1013,66,283.15,285.37,8.2,260,20,801,Clouds,few clouds,02d
Count: 168,200,2802985,0.039679982,168,1584025200,284.17,277.64,1012,66,283.15,284.82,7.7,240,100,500,Rain,light rain,10d
Count: 168,200,2802985,0.039679982,168,1584028800,283.23,274.47,1012,43,280.37,284.82,9.3,260,20,801,Clouds,few clouds,02d
Count: 168,200,2802985,0.039679982,168,1584032400,282.47,275.55,1011,93,280.93,284.26,9.3,260,93,500,Rain,light rain,10d
Count: 168,200,2802985,0.039679982,168,1584036000,281.66,276.72,1013,93,280.37,283.15,6.2,260,40,802,Clouds,scattered clouds,03n
Count: 168,200,2802985,0.039679982,168,1584039600,280.95,275.05,1012,70,279.15,282.15,6.2,240,93,500,Rain,light rain,10n
Count: 168,200,2802985,0.039679982,168,1584043200,280.15,272.9,1013,86,277.59,281.48,8.7,230,20,801,Clouds,few clouds,02n
Count: 168,200,2802985,0.039679982,168,1584046800,279.13,271.35,1013,75,277.15,281.48,8.7,230,20,801,Clouds,few clouds,02n
Count: 168,200,2802985,0.039679982,168,1584050400,279.02,271.91,1014,86,277.15,280.15,8.2,230,100,600,Snow,light snow,13n
Count: 168,200,2802985,0.039679982,168,1584054000,278.8,272.37,1013,75,277.04,279.82,6.7,240,75,803,Clouds,broken clouds,04n
Count: 168,200,2802985,0.039679982,168,1584057600,278.59,271.22,1014,80,277.15,279.82,8.2,240,20,801,Clouds,few clouds,02n
Count: 168,200,2802985,0.039679982,168,1584061200,278.47,270.73,1013,80,277.04,279.82,8.7,230,40,802,Clouds,scattered clouds,03n
Count: 168,200,2802985,0.039679982,168,1584064800,278.73,271.39,1014,80,277.59,279.82,8.2,230,75,803,Clouds,broken clouds,04n
Count: 168,200,2802985,0.039679982,168,1584068400,278.96,270.73,1013,75,277.15,279.82,9.3,230,90,804,Clouds,overcast clouds,04n
Count: 168,200,2802985,0.039679982,168,1584072000,279.06,270.85,1014,75,277.59,279.82,9.3,230,75,803,Clouds,broken clouds,04n
Count: 168,200,2802985,0.039679982,168,1584075600,279.14,272.41,1014,75,277.59,280.37,7.2,240,75,803,Clouds,broken clouds,04n
Count: 168,200,2802985,0.039679982,168,1584079200,279.18,271.91,1016,80,278.15,280.37,8.2,240,75,803,Clouds,broken clouds,04d
Count: 168,200,2802985,0.039679982,168,1584082800,279.21,271.6,1016,80,278.15,280.37,8.7,240,75,803,Clouds,broken clouds,04d
Count: 168,200,2802985,0.039679982,168,1584086400,279.97,272.33,1017,75,279.15,281.48,8.7,250,75,803,Clouds,broken clouds,04d
Count: 168,200,2802985,0.039679982,168,1584090000,280.74,273.93,1017,75,279.82,282.04,7.7,240,90,804,Clouds,overcast clouds,04d
Count: 168,200,2802985,0.039679982,168,1584093600,281.31,274.95,1017,75,280.15,282.59,7.2,240,90,804,Clouds,overcast clouds,04d
Count: 168,200,2802985,0.039679982,168,1584097200,282.17,276.32,1019,75,280.15,283.71,6.7,260,75,803,Clouds,broken clouds,04d
Count: 168,200,2802985,0.039679982,168,1584100800,282.64,275.83,1019,66,280.93,284.26,7.7,260,75,803,Clouds,broken clouds,04d
Count: 168,200,2802985,0.039679982,168,1584104400,283.12,276.54,1019,61,281.48,284.26,7.2,260,40,802,Clouds,scattered clouds,03d
Count: 168,200,2802985,0.039679982,168,1584108000,282.94,277.04,1019,70,281.15,284.82,6.7,260,40,520,Rain,light intensity shower rain,09d
Count: 168,200,2802985,0.039679982,168,1584111600,282.62,278.83,1019,70,280.15,283.71,3.6,250,90,804,Clouds,overcast clouds,04d
Count: 168,200,2802985,0.039679982,168,1584115200,282.17,277.6,1019,70,280.37,283.71,4.6,280,20,801,Clouds,few clouds,02d
Count: 168,200,2802985,0.039679982,168,1584118800,281.3,276.75,1020,65,279.82,282.59,4.1,270,20,801,Clouds,few clouds,02d
Count: 168,200,2802985,0.039679982,168,1584122400,280.62,275.19,1020,75,279.26,282.15,5.7,300,20,520,Rain,light intensity shower rain,09n
Count: 168,200,2802985,0.039679982,168,1584126000,280.0,276.83,1020,81,278.71,281.48,2.6,260,20,801,Clouds,few clouds,02n
Count: 168,200,2802985,0.039679982,168,1584129600,279.45,276.18,1021,81,277.04,280.93,2.6,230,20,801,Clouds,few clouds,02n
Count: 168,200,2802985,0.039679982,168,1584133200,279.04,277.18,1021,93,278.15,280.37,1.0,0,20,801,Clouds,few clouds,02n
Count: 168,200,2802985,0.039679982,168,1584136800,278.48,275.64,1021,75,277.04,279.82,1.5,210,20,801,Clouds,few clouds,02n
Count: 168,200,2802985,0.039679982,168,1584140400,277.44,274.93,1021,80,274.82,279.15,1.0,170,20,801,Clouds,few clouds,02n
Count: 168,200,2802985,0.039679982,168,1584144000,276.65,273.83,1021,86,274.26,279.15,1.5,0,20,801,Clouds,few clouds,02n
Count: 168,200,2802985,0.039679982,168,1584147600,276.96,273.77,1021,86,275.37,278.15,2.1,180,90,804,Clouds,overcast clouds,04n
Count: 168,200,2802985,0.039679982,168,1584151200,276.74,272.99,1020,93,274.82,278.15,3.1,140,100,804,Clouds,overcast clouds,04n
Count: 168,200,2802985,0.039679982,168,1584154800,276.42,272.27,1020,93,274.82,277.59,3.6,150,100,804,Clouds,overcast clouds,04n
Count: 168,200,2802985,0.039679982,168,1584158400,276.3,271.95,1020,86,275.15,277.15,3.6,150,100,804,Clouds,overcast clouds,04n
Count: 168,200,2802985,0.039679982,168,1584162000,276.14,272.12,1020,86,274.15,277.04,3.1,160,99,804,Clouds,overcast clouds,04n
Count: 168,200,2802985,0.039679982,168,1584165600,275.85,272.3,1020,93,274.15,277.04,2.6,160,99,804,Clouds,overcast clouds,04d
Count: 168,200,2802985,0.039679982,168,1584169200,276.48,272.69,1020,93,273.71,277.59,3.1,200,99,804,Clouds,overcast clouds,04d
Count: 168,200,2802985,0.039679982,168,1584172800,278.23,274.55,1020,86,277.15,280.37,3.1,160,91,804,Clouds,overcast clouds,04d
Count: 168,200,2802985,0.039679982,168,1584176400,280.35,276.34,1020,75,278.71,281.48,3.6,170,91,804,Clouds,overcast clouds,04d
Count: 168,200,2802985,0.039679982,168,1584180000,281.66,278.1,1020,81,280.15,283.15,3.6,160,91,804,Clouds,overcast clouds,04d
Count: 168,200,2802985,0.039679982,168,1584183600,283.43,277.79,1020,57,282.15,284.82,5.7,200,20,801,Clouds,few clouds,02d
Count: 168,200,2802985,0.039679982,168,1584187200,283.96,277.52,1020,61,282.15,285.93,7.2,170,40,802,Clouds,scattered clouds,03d
Count: 168,200,2802985,0.039679982,168,1584190800,284.34,278.54,1019,66,282.15,286.48,6.7,200,75,803,Clouds,broken clouds,04d
Count: 168,200,2802985,0.039679982,168,1584194400,284.15,278.8,1019,61,282.15,286.48,5.7,170,75,803,Clouds,broken clouds,04d
Count: 168,200,2802985,0.039679982,168,1584198000,284.04,278.32,1019,61,282.15,285.93,6.2,190,75,803,Clouds,broken clouds,04d
Count: 168,200,2802985,0.039679982,168,1584201600,283.5,277.52,1018,57,280.93,284.82,6.2,180,90,804,Clouds,overcast clouds,04d
Count: 168,200,2802985,0.039679982,168,1584205200,282.79,277.05,1018,57,280.37,284.26,5.7,200,90,804,Clouds,overcast clouds,04d
Count: 168,200,2802985,0.039679982,168,1584208800,281.9,276.57,1019,81,279.82,283.71,6.2,190,75,500,Rain,light rain,10n
Count: 168,200,2802985,0.039679982,168,1584212400,281.52,276.12,1019,81,279.26,283.15,6.2,180,75,803,Clouds,broken clouds,04n
Count: 168,200,2802985,0.039679982,168,1584216000,281.1,275.05,1018,75,279.26,282.59,6.7,180,75,803,Clouds,broken clouds,04n
Count: 168,200,2802985,0.039679982,168,1584219600,280.61,275.03,1018,81,278.71,282.15,6.2,190,75,803,Clouds,broken clouds,04n
Count: 168,200,2802985,0.039679982,168,1584223200,280.54,275.3,1018,81,279.26,282.04,5.7,180,40,802,Clouds,scattered clouds,03n
Count: 168,200,2802985,0.006204537,168,1584226800,280.67,275.1,1018,81,279.26,281.48,6.2,190,40,802,Clouds,scattered clouds,03n
Count: 168,200,2802985,0.006204537,168,1584230400,280.82,275.63,1017,81,279.26,281.48,5.7,180,75,803,Clouds,broken clouds,04n
Count: 168,200,2802985,0.006204537,168,1584234000,280.94,275.98,1017,75,279.26,281.48,5.1,200,90,804,Clouds,overcast clouds,04n
Count: 168,200,2802985,0.006204537,168,1584237600,280.68,275.26,1016,75,279.26,282.04,5.7,200,90,804,Clouds,overcast clouds,04n
Count: 168,200,2802985,0.006204537,168,1584241200,280.51,276.38,1016,81,279.15,282.04,4.1,190,90,804,Clouds,overcast clouds,04n
Count: 168,200,2802985,0.006204537,168,1584244800,280.28,275.96,1016,87,278.71,281.48,4.6,190,75,803,Clouds,broken clouds,04n
Count: 168,200,2802985,0.006204537,168,1584248400,280.05,274.56,1015,87,278.15,281.15,6.2,190,75,803,Clouds,broken clouds,04n
Count: 168,200,2802985,0.006204537,168,1584252000,279.93,275.19,1015,87,278.15,281.48,5.1,190,20,801,Clouds,few clouds,02d
Count: 168,200,2802985,0.006204537,168,1584255600,280.92,275.75,1015,81,279.26,282.04,5.7,190,90,804,Clouds,overcast clouds,04d
Count: 168,200,2802985,0.006204537,168,1584259200,282.56,277.37,1015,81,281.15,283.71,6.2,180,40,802,Clouds,scattered clouds,03d
Count: 168,200,2802985,0.006204537,168,1584262800,283.89,278.08,1015,76,282.15,285.37,7.2,190,20,801,Clouds,few clouds,02d
Count: 168,200,2802985,0.006204537,168,1584266400,284.61,278.74,1015,71,283.15,286.48,7.2,190,75,803,Clouds,broken clouds,04d
Count: 168,200,2802985,0.006204537,168,1584270000,285.19,277.2,1014,62,284.15,287.04,9.8,190,75,803,Clouds,broken clouds,04d
Count: 168,200,2802985,0.006204537,168,1584273600,285.85,278.92,1013,58,284.15,287.59,8.2,190,75,803,Clouds,broken clouds,04d
Count: 168,200,2802985,0.006204537,168,1584277200,286.35,279.16,1013,58,285.15,287.15,8.7,200,75,803,Clouds,broken clouds,04d
Count: 168,200,2802985,0.006204537,168,1584280800,287.19,280.3,1012,54,286.15,288.15,8.2,190,75,803,Clouds,broken clouds,04d
Count: 168,200,2802985,0.006204537,168,1584284400,287.33,280.31,1012,51,286.15,288.15,8.2,220,75,803,Clouds,broken clouds,04d
Count: 168,200,2802985,0.006204537,168,1584288000,287.39,281.02,1012,50,285.93,288.71,7.2,200,40,802,Clouds,scattered clouds,03d
Count: 168,200,2802985,0.006204537,168,1584291600,286.67,281.09,1011,54,284.82,288.15,6.2,200,20,801,Clouds,few clouds,02d
Count: 168,200,2802985,0.006204537,168,1584295200,284.92,282.1,1012,66,282.15,287.15,2.6,200,75,803,Clouds,broken clouds,04n
Count: 168,200,2802985,0.006204537,168,1584298800,283.52,281.56,1012,66,280.93,286.15,1.0,180,86,804,Clouds,overcast clouds,04n
Count: 168,200,2802985,0.006204537,168,1584302400,282.05,278.9,1012,71,278.71,285.37,2.6,170,100,804,Clouds,overcast clouds,04n
Count: 168,200,2802985,0.006204537,168,1584306000,281.35,277.9,1012,66,277.59,285.15,2.6,160,100,804,Clouds,overcast clouds,04n
Count: 168,200,2802985,0.006204537,168,1584309600,280.59,276.36,1012,57,276.48,284.26,3.1,170,100,804,Clouds,overcast clouds,04n
Count: 168,200,2802985,0.006204537,168,1584313200,280.46,275.51,1013,57,275.93,283.71,4.1,180,72,803,Clouds,broken clouds,04n
Count: 168,200,2802985,0.006204537,168,1584316800,280.11,276.24,1013,70,275.93,282.15,3.1,170,72,803,Clouds,broken clouds,04n
Count: 168,200,2802985,0.006204537,168,1584320400,279.54,275.24,1013,70,275.37,282.15,3.6,180,83,803,Clouds,broken clouds,04n
Count: 168,200,2802985,0.006204537,168,1584324000,279.11,275.44,1013,70,277.15,280.37,2.6,190,76,803,Clouds,broken clouds,04n
Count: 168,200,2802985,0.006204537,168,1584327600,278.88,275.13,1013,80,276.15,281.15,3.1,190,76,803,Clouds,broken clouds,04n
Count: 168,200,2802985,0.006204537,168,1584331200,278.79,274.22,1014,65,276.15,281.15,3.6,160,76,803,Clouds,broken clouds,04n
Count: 168,200,2802985,0.006204537,168,1584334800,277.65,274.12,1015,70,274.82,280.37,2.1,160,64,803,Clouds,broken clouds,04n
Count: 168,200,2802985,0.006204537,168,1584338400,277.68,273.04,1016,80,275.15,280.15,4.1,210,64,803,Clouds,broken clouds,04d
Count: 168,200,2802985,0.006204537,168,1584342000,278.42,274.27,1017,81,274.82,280.37,3.6,210,64,803,Clouds,broken clouds,04d
Count: 168,200,2802985,0.006204537,168,1584345600,281.14,277.97,1018,75,279.26,283.71,2.6,160,20,801,Clouds,few clouds,02d
Count: 168,200,2802985,0.006204537,168,1584349200,283.53,281.01,1018,71,281.15,285.93,2.1,220,99,804,Clouds,overcast clouds,04d
Count: 168,200,2802985,0.006204537,168,1584352800,285.2,283.02,1019,62,283.71,287.04,1.5,180,99,804,Clouds,overcast clouds,04d
Count: 168,200,2802985,0.006204537,168,1584356400,286.7,284.41,1019,54,285.15,288.71,1.5,220,91,500,Rain,light rain,10d
Count: 168,200,2802985,0.006204537,168,1584360000,287.7,286.03,1020,62,286.15,288.71,1.5,340,91,500,Rain,light rain,10d
Count: 168,200,2802985,0.006204537,168,1584363600,288.28,286.51,1020,58,286.15,290.37,1.5,0,61,803,Clouds,broken clouds,04d
Count: 168,200,2802985,0.006204537,168,1584367200,288.27,286.5,1020,58,285.93,290.37,1.5,0,100,500,Rain,light rain,10d
Count: 168,200,2802985,0.006204537,168,1584370800,287.95,285.57,1021,62,285.93,290.37,2.6,260,100,500,Rain,light rain,10d
Count: 168,200,2802985,0.006204537,168,1584374400,286.9,285.06,1021,62,284.82,289.26,1.5,330,100,500,Rain,light rain,10d
Count: 168,200,2802985,0.006204537,168,1584378000,285.9,283.53,1022,71,284.15,288.15,2.6,330,91,500,Rain,light rain,10d
Count: 168,200,2802985,0.006204537,168,1584381600,285.11,283.14,1023,76,283.71,286.48,2.1,320,75,803,Clouds,broken clouds,04n
Count: 168,200,2802985,0.006204537,168,1584385200,284.47,282.58,1023,81,283.15,285.93,2.1,320,40,802,Clouds,scattered clouds,03n
Count: 168,200,2802985,0.006204537,168,1584388800,284.04,282.05,1024,81,282.15,285.15,2.1,290,40,802,Clouds,scattered clouds,03n
Count: 168,200,2802985,0.006204537,168,1584392400,283.4,281.68,1024,81,281.48,284.82,1.5,310,93,500,Rain,light rain,10n
Count: 168,200,2802985,0.006204537,168,1584396000,282.72,281.09,1025,87,280.93,284.26,1.5,280,93,500,Rain,light rain,10n
Count: 168,200,2802985,0.006204537,168,1584399600,282.42,280.84,1026,81,280.93,283.71,1.0,0,97,500,Rain,light rain,10n
Count: 168,200,2802985,0.006204537,168,1584403200,282.19,279.67,1027,87,280.37,283.71,2.6,300,75,803,Clouds,broken clouds,04n
Count: 168,200,2802985,0.006204537,168,1584406800,282.07,280.42,1026,81,280.37,283.71,1.0,0,90,804,Clouds,overcast clouds,04n
Count: 168,200,2802985,0.006204537,168,1584410400,281.3,279.14,1027,81,279.26,283.15,1.5,240,20,801,Clouds,few clouds,02n
Count: 168,200,2802985,0.006204537,168,1584414000,280.43,277.69,1027,81,278.71,282.59,2.1,240,94,500,Rain,light rain,10n
Count: 168,200,2802985,0.006204537,168,1584417600,279.83,277.78,1027,93,277.04,282.15,1.5,250,94,701,Mist,mist,50n
Count: 168,200,2802985,0.006204537,168,1584421200,278.89,276.47,1028,87,276.48,281.48,1.5,230,69,803,Clouds,broken clouds,04n
Count: 168,200,2802985,0.006204537,168,1584424800,278.31,276.14,1028,87,275.93,281.15,1.0,0,69,701,Mist,mist,50d
Count: 168,200,2802985,0.006204537,168,1584428400,278.66,275.26,1029,93,277.04,280.93,3.1,220,69,803,Clouds,broken clouds,04d
Count: 168,200,2802985,0.006204537,168,1584432000,280.65,276.75,1030,87,279.15,283.15,4.1,220,2,800,Clear,clear sky,01d
Count: 168,200,2802985,0.006204537,168,1584435600,282.55,278.98,1030,76,280.37,284.26,3.6,240,2,800,Clear,clear sky,01d
Count: 168,200,2802985,0.006204537,168,1584439200,283.89,279.55,1030,76,281.15,285.93,5.1,220,2,800,Clear,clear sky,01d
Count: 168,200,2802985,0.006204537,168,1584442800,285.01,281.45,1030,57,283.15,286.48,3.1,240,23,801,Clouds,few clouds,02d
Count: 168,200,2802985,0.006204537,168,1584446400,286.33,281.41,1031,46,284.26,288.15,4.6,260,20,801,Clouds,few clouds,02d
Count: 168,200,2802985,0.006204537,168,1584450000,287.06,282.58,1030,59,285.15,288.71,5.1,240,22,801,Clouds,few clouds,02d
Count: 168,200,2802985,0.006204537,168,1584453600,287.62,283.33,1030,41,285.93,289.26,3.6,260,75,803,Clouds,broken clouds,04d
Count: 168,200,2802985,0.006204537,168,1584457200,287.74,283.28,1029,44,285.93,289.26,4.1,240,75,803,Clouds,broken clouds,04d
Count: 168,200,2802985,0.006204537,168,1584460800,287.69,283.41,1029,41,285.93,289.26,3.6,290,75,803,Clouds,broken clouds,04d
Count: 168,200,2802985,0.006204537,168,1584464400,286.22,281.88,1029,37,284.82,287.59,3.1,200,40,802,Clouds,scattered clouds,03d
Count: 168,200,2802985,0.006204537,168,1584468000,284.54,282.37,1029,57,282.59,286.15,1.0,280,70,803,Clouds,broken clouds,04n
Count: 168,200,2802985,0.006204537,168,1584471600,283.11,280.2,1029,53,280.37,285.15,1.5,250,70,803,Clouds,broken clouds,04n
Count: 168,200,2802985,0.006204537,168,1584475200,282.22,278.57,1029,57,280.37,284.15,2.6,210,89,804,Clouds,overcast clouds,04n
Count: 168,200,2802985,0.006204537,168,1584478800,281.42,277.59,1030,65,278.15,284.15,3.1,230,89,804,Clouds,overcast clouds,04n
Count: 168,200,2802985,0.006204537,168,1584482400,280.75,277.24,1030,57,277.59,283.15,2.1,200,100,804,Clouds,overcast clouds,04n
Count: 168,200,2802985,0.006204537,168,1584486000,280.09,276.63,1029,61,276.48,282.15,2.1,190,65,803,Clouds,broken clouds,04n
Count: 168,200,2802985,0.006204537,168,1584489600,279.9,275.46,1029,75,275.93,282.15,4.1,200,65,803,Clouds,broken clouds,04n
Count: 168,200,2802985,0.006204537,168,1584493200,279.87,276.32,1028,70,277.59,281.15,2.6,180,60,803,Clouds,broken clouds,04n
Count: 168,200,2802985,0.006204537,168,1584496800,279.97,276.78,1028,70,277.59,282.15,2.1,190,0,800,Clear,clear sky,01n
Count: 168,200,2802985,0.006204537,168,1584500400,279.83,275.42,1028,87,277.59,282.15,4.6,200,0,800,Clear,clear sky,01n
Count: 168,200,2802985,0.006204537,168,1584504000,279.57,274.34,1028,87,275.93,282.15,5.7,200,0,800,Clear,clear sky,01n
Count: 168,200,2802985,0.006204537,168,1584507600,279.72,275.48,1028,93,278.15,281.15,4.6,200,2,800,Clear,clear sky,01n
Count: 168,200,2802985,0.006204537,168,1584511200,279.78,275.55,1028,93,278.15,282.15,4.6,190,2,800,Clear,clear sky,01d
Count: 168,200,2802985,0.006204537,168,1584514800,280.54,276.82,1028,93,278.15,282.15,4.1,190,2,800,Clear,clear sky,01d
Count: 168,200,2802985,0.006204537,168,1584518400,282.83,279.06,1028,87,279.82,285.37,4.6,200,20,701,Mist,mist,50d
Count: 168,200,2802985,0.006204537,168,1584522000,285.32,280.65,1028,71,283.71,287.04,5.7,220,38,802,Clouds,scattered clouds,03d
Count: 168,200,2802985,0.006204537,168,1584525600,286.53,281.88,1028,66,283.71,287.59,5.7,230,38,802,Clouds,scattered clouds,03d
Count: 168,200,2802985,0.006204537,168,1584529200,288.17,283.44,1028,58,286.48,289.82,5.7,230,44,802,Clouds,scattered clouds,03d
Count: 168,200,2802985,0.006204537,168,1584532800,289.0,284.87,1028,58,287.59,290.37,5.1,230,20,801,Clouds,few clouds,02d
Count: 168,200,2802985,0.006204537,168,1584536400,289.61,284.31,1027,55,288.15,290.93,6.7,220,20,801,Clouds,few clouds,02d
Count: 168,200,2802985,0.006204537,168,1584540000,289.97,285.81,1026,54,288.15,291.48,5.1,260,20,801,Clouds,few clouds,02d
Count: 168,200,2802985,0.006204537,168,1584543600,290.13,285.64,1025,55,288.15,292.04,5.7,230,99,804,Clouds,overcast clouds,04d
Count: 168,200,2802985,0.006204537,168,1584547200,289.65,285.66,1025,58,288.15,290.93,5.1,270,20,801,Clouds,few clouds,02d
Count: 168,200,2802985,0.006204537,168,1584550800,288.73,284.83,1025,51,287.59,290.15,4.1,260,58,803,Clouds,broken clouds,04d
Count: 168,200,2802985,0.006204537,168,1584554400,286.58,285.13,1025,71,284.82,288.71,1.5,280,20,801,Clouds,few clouds,02n
Count: 168,200,2802985,0.006204537,168,1584558000,284.84,282.58,1025,71,282.59,287.15,2.1,240,58,803,Clouds,broken clouds,04n
Count: 168,200,2802985,0.006204537,168,1584561600,283.38,281.25,1025,71,280.93,285.37,1.5,250,34,802,Clouds,scattered clouds,03n
Count: 168,200,2802985,0.006204537,168,1584565200,282.21,279.63,1025,76,279.82,284.26,2.1,200,34,802,Clouds,scattered clouds,03n
Count: 168,200,2802985,0.006204537,168,1584568800,281.61,280.65,1026,93,278.71,284.15,0.5,0,34,802,Clouds,scattered clouds,03n
Count: 168,200,2802985,0.006204537,168,1584572400,280.89,278.44,1025,87,278.15,284.15,2.1,170,29,802,Clouds,scattered clouds,03n
Count: 168,200,2802985,0.006204537,168,1584576000,280.52,278.04,1025,76,277.59,283.15,1.5,180,29,802,Clouds,scattered clouds,03n
Count: 168,200,2802985,0.006204537,168,1584579600,280.03,277.06,1025,87,277.04,282.59,2.6,200,21,801,Clouds,few clouds,02n
Count: 168,200,2802985,0.006204537,168,1584583200,279.71,276.83,1025,81,276.48,282.59,2.1,180,1,800,Clear,clear sky,01n
Count: 168,200,2802985,0.006204537,168,1584586800,279.43,276.34,1024,87,277.04,282.59,2.6,200,75,803,Clouds,broken clouds,04n
Count: 168,200,2802985,0.006204537,168,1584590400,279.07,275.92,1025,87,275.93,282.59,2.6,170,1,800,Clear,clear sky,01n
Count: 168,200,2802985,0.006204537,168,1584594000,278.59,275.35,1025,87,276.15,281.15,2.6,160,40,802,Clouds,scattered clouds,03n
Count: 168,200,2802985,0.006204537,168,1584597600,278.4,274.95,1025,93,275.93,280.37,3.1,160,40,802,Clouds,scattered clouds,03d
Count: 168,200,2802985,0.006204537,168,1584601200,279.33,277.0,1025,87,276.15,282.59,1.5,210,75,803,Clouds,broken clouds,04d
Count: 168,200,2802985,0.006204537,168,1584604800,281.71,279.63,1025,81,279.15,284.26,1.5,180,40,802,Clouds,scattered clouds,03d
Count: 168,200,2802985,0.006204537,168,1584608400,283.58,282.04,1025,76,280.15,286.48,1.0,0,75,803,Clouds,broken clouds,04d
Count: 168,200,2802985,0.006204537,168,1584612000,285.61,284.29,1025,71,282.15,288.15,1.0,0,75,803,Clouds,broken clouds,04d
Count: 168,200,2802985,0.006204537,168,1584615600,287.27,285.3,1025,58,285.15,289.26,1.5,50,20,801,Clouds,few clouds,02d
Count: 168,200,2802985,0.006204537,168,1584619200,288.26,286.84,1025,58,286.48,290.37,1.0,0,20,801,Clouds,few clouds,02d
Count: 168,200,2802985,0.006204537,168,1584622800,288.87,286.63,1024,55,286.48,290.93,2.1,10,96,500,Rain,light rain,10d
Count: 168,200,2802985,0.006204537,168,1584626400,288.97,287.35,1024,71,287.04,291.48,2.6,360,75,803,Clouds,broken clouds,04d
Count: 168,200,2802985,0.006204537,168,1584630000,288.42,286.78,1024,67,286.15,290.37,2.1,20,75,803,Clouds,broken clouds,04d
Count: 168,200,2802985,0.006204537,168,1584633600,287.99,286.24,1023,67,287.04,288.71,2.1,50,100,500,Rain,light rain,10d
Count: 168,200,2802985,0.006204537,168,1584637200,287.34,286.08,1023,58,285.37,288.15,0.5,340,100,500,Rain,light rain,10d
Count: 168,200,2802985,0.006204537,168,1584640800,286.37,284.45,1023,71,284.26,288.15,2.1,40,100,500,Rain,light rain,10n
Count: 168,200,2802985,0.006204537,168,1584644400,285.47,283.0,1024,71,283.71,287.59,2.6,30,100,500,Rain,light rain,10n
Count: 168,200,2802985,0.006204537,168,1584648000,284.8,281.71,1024,76,282.59,286.48,3.6,50,77,803,Clouds,broken clouds,04n
Count: 168,200,2802985,0.006204537,168,1584651600,284.09,281.32,1024,87,282.04,285.93,3.6,30,77,803,Clouds,broken clouds,04n
Count: 168,200,2802985,0.006204537,168,1584655200,283.52,280.26,1024,87,282.04,285.37,4.1,30,77,803,Clouds,broken clouds,04n
Count: 168,200,2802985,0.006204537,168,1584658800,282.69,279.23,1024,87,281.48,284.15,4.1,30,84,803,Clouds,broken clouds,04n
Count: 168,200,2802985,0.006204537,168,1584662400,282.38,279.43,1023,93,280.93,284.26,3.6,30,84,701,Mist,mist,50n
Count: 168,200,2802985,0.006204537,168,1584666000,282.04,277.96,1023,93,280.93,283.71,5.1,20,90,701,Mist,mist,50n
Count: 168,200,2802985,0.006204537,168,1584669600,281.8,279.07,1023,93,280.37,283.15,3.1,40,90,701,Mist,mist,50n
Count: 168,200,2802985,0.006204537,168,1584673200,281.76,278.22,1023,100,280.37,283.15,4.6,20,90,701,Mist,mist,50n
Count: 168,200,2802985,0.006204537,168,1584676800,281.55,279.11,1023,93,279.82,282.59,2.6,20,90,701,Mist,mist,50n
Count: 168,200,2802985,0.006204537,168,1584680400,281.4,278.92,1024,93,279.82,282.59,2.6,20,90,701,Mist,mist,50n
Count: 168,200,2802985,0.006204537,168,1584684000,281.14,277.56,1024,93,279.82,282.04,4.1,30,90,701,Mist,mist,50d
Count: 168,200,2802985,0.006204537,168,1584687600,280.84,276.84,1024,93,279.26,282.04,4.6,40,90,701,Mist,mist,50d
Count: 168,200,2802985,0.006204537,168,1584691200,280.99,277.02,1024,93,279.26,282.59,4.6,30,90,701,Mist,mist,50d
Count: 168,200,2802985,0.006204537,168,1584694800,281.08,276.92,1025,87,279.82,282.15,4.6,20,90,701,Mist,mist,50d
Count: 168,200,2802985,0.006204537,168,1584698400,281.29,277.74,1023,93,280.15,282.15,4.1,60,100,701,Mist,mist,50d
Count: 168,200,2802985,0.006204537,168,1584702000,281.85,279.13,1023,93,280.15,283.71,3.1,50,100,701,Mist,mist,50d
Count: 168,200,2802985,0.006204537,168,1584705600,281.91,278.28,1025,87,280.15,283.71,4.1,30,75,701,Mist,mist,50d
Count: 168,200,2802985,0.006204537,168,1584709200,281.89,276.56,1025,81,280.15,283.71,6.2,20,90,804,Clouds,overcast clouds,04d
Count: 168,200,2802985,0.006204537,168,1584712800,281.73,276.02,1025,81,280.15,283.71,6.7,20,90,804,Clouds,overcast clouds,04d
Count: 168,200,2802985,0.006204537,168,1584716400,281.46,275.34,1024,81,280.15,283.15,7.2,30,90,804,Clouds,overcast clouds,04d
Count: 168,200,2802985,0.006204537,168,1584720000,281.23,276.33,1024,87,280.15,282.59,5.7,20,75,803,Clouds,broken clouds,04d
Count: 168,200,2802985,0.006204537,168,1584723600,280.65,275.85,1024,81,278.71,282.59,5.1,40,75,803,Clouds,broken clouds,04d
Count: 168,200,2802985,0.006204537,168,1584727200,280.0,272.9,1025,70,278.71,281.48,7.7,30,90,804,Clouds,overcast clouds,04n
Count: 168,200,2802985,0.006204537,168,1584730800,279.15,272.07,1025,75,277.15,281.15,7.7,20,90,804,Clouds,overcast clouds,04n
Count: 168,200,2802985,0.006204537,168,1584734400,278.4,271.88,1025,86,277.15,280.15,7.2,30,75,310,Drizzle,light intensity drizzle rain,09n
Count: 168,200,2802985,0.006204537,168,1584738000,277.88,271.31,1026,100,276.15,279.26,7.7,40,75,311,Drizzle,drizzle rain,09n
Count: 168,200,2802985,0.006204537,168,1584741600,277.62,271.16,1025,93,276.48,278.71,7.2,40,75,500,Rain,light rain,10n
Count: 168,200,2802985,0.006204537,168,1584745200,277.41,270.91,1025,93,276.15,278.15,7.2,50,75,500,Rain,light rain,10n
Count: 168,200,2802985,0.006204537,168,1584748800,277.3,269.31,1025,93,276.15,278.15,9.3,60,75,500,Rain,light rain,10n
Count: 168,200,2802985,0.006204537,168,1584752400,277.44,270.24,1025,93,276.15,278.15,8.2,60,90,310,Drizzle,light intensity drizzle rain,09n
Count: 168,200,2802985,0.006204537,168,1584756000,277.37,269.62,1025,86,276.15,278.15,8.7,60,20,500,Rain,light rain,10n
Count: 168,200,2802985,0.006204537,168,1584759600,277.49,269.76,1025,86,276.15,278.71,8.7,80,90,804,Clouds,overcast clouds,04n
Count: 168,200,2802985,0.006204537,168,1584763200,277.34,271.34,1025,86,276.15,278.71,6.2,60,20,801,Clouds,few clouds,02n
Count: 168,200,2802985,0.006204537,168,1584766800,277.04,271.94,1025,93,275.93,278.71,5.1,50,20,801,Clouds,few clouds,02n
Count: 168,200,2802985,0.006204537,168,1584770400,276.66,270.73,1025,93,274.82,278.15,6.2,40,75,803,Clouds,broken clouds,04d
Count: 168,200,2802985,0.006204537,168,1584774000,276.93,270.35,1025,93,274.82,278.71,7.2,40,20,801,Clouds,few clouds,02d
Count: 168,200,2802985,0.006204537,168,1584777600,277.75,270.76,1025,86,275.37,279.26,7.7,50,75,803,Clouds,broken clouds,04d
Count: 168,200,2802985,0.006204537,168,1584781200,278.8,271.67,1025,75,277.59,280.37,7.7,60,20,801,Clouds,few clouds,02d
Count: 168,200,2802985,0.006204537,168,1584784800,279.91,273.82,1025,80,278.15,281.48,6.7,60,75,803,Clouds,broken clouds,04d
Count: 168,200,2802985,0.006204537,168,1584788400,280.9,274.82,1025,75,279.15,283.15,6.7,60,75,803,Clouds,broken clouds,04d
Count: 168,200,2802985,0.006204537,168,1584792000,281.51,276.48,1024,70,279.15,283.71,5.1,60,75,803,Clouds,broken clouds,04d
Count: 168,200,2802985,0.006204537,168,1584795600,282.2,274.93,1024,65,280.15,284.82,8.2,80,40,802,Clouds,scattered clouds,03d
Count: 168,200,2802985,0.006204537,168,1584799200,282.92,274.94,1024,53,281.15,285.37,8.7,50,75,803,Clouds,broken clouds,04d
Count: 168,200,2802985,0.006204537,168,1584802800,282.88,274.93,1024,45,281.15,285.37,8.2,60,12,801,Clouds,few clouds,02d
Count: 168,200,2802985,0.006204537,168,1584806400,282.47,274.94,1023,39,281.48,283.71,7.2,80,20,801,Clouds,few clouds,02d
Count: 168,200,2802985,0.006204537,168,1584810000,281.69,274.08,1023,39,280.37,283.15,7.2,90,20,801,Clouds,few clouds,02d
Count: 168,200,2802985,0.006204537,168,1584813600,280.26,274.29,1024,48,278.71,282.04,5.1,80,20,801,Clouds,few clouds,02n
Count: 168,200,2802985,0.006204537,168,1584817200,279.15,273.43,1025,60,277.04,280.37,5.1,50,6,800,Clear,clear sky,01n
Count: 168,200,2802985,0.006204537,168,1584820800,278.35,273.11,1024,56,276.48,279.26,4.1,70,0,800,Clear,clear sky,01n
Count: 168,200,2802985,0.006204537,168,1584824400,277.64,270.61,1025,60,276.48,279.26,6.7,70,0,800,Clear,clear sky,01n
Count: 168,200,2802985,0.006204537,168,1584828000,276.9,270.25,1025,51,275.37,277.59,5.7,80,0,800,Clear,clear sky,01n
Count: 168,200,2802985,0.006417378,168,1584831600,276.15,268.93,1025,59,274.82,277.04,6.7,70,0,800,Clear,clear sky,01n
Count: 168,200,2802985,0.006417378,168,1584835200,275.83,269.28,1025,59,274.26,277.15,5.7,80,0,800,Clear,clear sky,01n
Count: 168,200,2802985,0.006417378,168,1584838800,275.2,268.7,1026,64,273.71,276.15,5.7,70,0,800,Clear,clear sky,01n
Count: 168,200,2802985,0.006417378,168,1584842400,274.82,268.28,1026,64,273.71,275.93,5.7,70,0,800,Clear,clear sky,01n
Count: 168,200,2802985,0.006417378,168,1584846000,274.4,269.05,1026,69,272.59,275.93,4.1,60,0,800,Clear,clear sky,01n
Count: 168,200,2802985,0.006417378,168,1584849600,274.16,268.68,1025,64,273.15,275.93,4.1,70,0,800,Clear,clear sky,01n
Count: 168,200,2802985,0.006417378,168,1584853200,273.89,268.38,1025,64,272.59,275.37,4.1,70,0,800,Clear,clear sky,01n
Count: 168,200,2802985,0.006417378,168,1584856800,273.78,266.44,1027,64,272.04,275.37,6.7,80,0,800,Clear,clear sky,01d
Count: 168,200,2802985,0.006417378,168,1584860400,274.83,266.78,1027,59,273.15,275.93,7.7,80,0,800,Clear,clear sky,01d
Count: 168,200,2802985,0.006417378,168,1584864000,276.26,270.07,1026,55,274.82,277.59,5.1,80,0,800,Clear,clear sky,01d
Count: 168,200,2802985,0.006417378,168,1584867600,277.71,269.39,1028,51,276.15,279.26,8.2,90,0,800,Clear,clear sky,01d
Count: 168,200,2802985,0.006417378,168,1584871200,279.05,272.64,1027,38,278.15,279.82,5.1,70,0,800,Clear,clear sky,01d
Count: 168,200,2802985,0.006417378,168,1584874800,280.38,273.56,1026,35,278.15,282.04,5.7,100,0,800,Clear,clear sky,01d
Count: 168,200,2802985,0.006417378,168,1584878400,281.56,274.11,1027,34,279.15,283.15,6.7,70,0,800,Clear,clear sky,01d
Count: 168,200,2802985,0.006417378,168,1584882000,282.66,273.29,1027,29,281.15,284.26,9.3,90,0,800,Clear,clear sky,01d
Count: 168,200,2802985,0.006417378,168,1584885600,283.44,274.63,1028,31,282.04,284.82,8.7,90,0,800,Clear,clear sky,01d
Count: 168,200,2802985,0.006417378,168,1584889200,283.65,274.0,1027,29,282.04,284.82,9.8,100,0,800,Clear,clear sky,01d
Count: 168,200,2802985,0.006417378,168,1584892800,283.58,276.1,1026,29,281.48,285.37,6.7,70,0,800,Clear,clear sky,01d
Count: 168,200,2802985,0.006417378,168,1584896400,282.61,275.48,1027,31,281.48,283.71,6.2,80,0,800,Clear,clear sky,01d
Count: 168,200,2802985,0.006417378,168,1584900000,281.03,275.32,1027,33,279.26,282.59,4.1,80,0,800,Clear,clear sky,01n
Count: 168,200,2802985,0.006417378,168,1584903600,279.58,271.52,1029,42,277.04,281.48,7.7,80,0,800,Clear,clear sky,01n
Count: 168,200,2802985,0.006417378,168,1584907200,278.6,270.9,1029,45,276.48,280.37,7.2,100,0,800,Clear,clear sky,01n
Count: 168,200,2802985,0.006417378,168,1584910800,277.88,270.89,1029,48,275.93,279.26,6.2,90,0,800,Clear,clear sky,01n
Count: 168,200,2802985,0.006417378,168,1584914400,277.01,270.61,1029,44,275.37,278.15,5.1,100,0,800,Clear,clear sky,01n
Count: 168,200,2802985,0.006417378,168,1584918000,276.33,270.22,1029,44,274.82,277.59,4.6,110,0,800,Clear,clear sky,01n
Count: 168,200,2802985,0.006417378,168,1584921600,275.94,269.03,1029,44,274.82,277.15,5.7,110,0,800,Clear,clear sky,01n
Count: 168,200,2802985,0.006417378,168,1584925200,275.4,268.78,1029,40,274.26,276.48,5.1,110,0,800,Clear,clear sky,01n
Count: 168,200,2802985,0.006417378,168,1584928800,274.9,268.31,1029,43,273.15,276.15,5.1,120,0,800,Clear,clear sky,01n
Count: 168,200,2802985,0.006417378,168,1584932400,274.57,267.19,1029,43,273.15,275.37,6.2,110,0,800,Clear,clear sky,01n
Count: 168,200,2802985,0.006417378,168,1584936000,274.11,268.69,1030,51,272.59,275.15,3.6,90,0,800,Clear,clear sky,01n
Count: 168,200,2802985,0.006417378,168,1584939600,273.63,265.63,1031,50,272.59,274.82,7.2,100,0,800,Clear,clear sky,01n
Count: 168,200,2802985,0.006417378,168,1584943200,273.46,268.65,1029,49,272.59,274.82,2.6,80,0,800,Clear,clear sky,01d
Count: 168,200,2802985,0.006417378,168,1584946800,274.23,269.0,1030,43,273.15,275.37,3.1,100,0,800,Clear,clear sky,01d
Count: 168,200,2802985,0.006417378,168,1584950400,275.7,269.38,1030,37,274.15,277.04,4.6,110,0,800,Clear,clear sky,01d
Count: 168,200,2802985,0.006417378,168,1584954000,277.33,269.75,1031,41,275.15,278.71,6.7,90,0,800,Clear,clear sky,01d
Count: 168,200,2802985,0.006417378,168,1584957600,278.51,270.94,1031,38,275.93,280.37,6.7,90,0,800,Clear,clear sky,01d
Count: 168,200,2802985,0.006417378,168,1584961200,280.25,272.89,1030,19,277.59,282.59,5.7,100,0,800,Clear,clear sky,01d
Count: 168,200,2802985,0.006417378,168,1584964800,281.68,274.24,1030,15,278.71,284.26,5.7,120,0,800,Clear,clear sky,01d
Count: 168,200,2802985,0.006417378,168,1584968400,282.79,275.35,1029,14,281.15,284.82,5.7,110,0,800,Clear,clear sky,01d
Count: 168,200,2802985,0.006417378,168,1584972000,283.51,276.1,1029,14,282.04,285.37,5.7,120,0,800,Clear,clear sky,01d
Count: 168,200,2802985,0.006417378,168,1584975600,283.86,275.71,1029,21,282.04,286.48,7.2,100,0,800,Clear,clear sky,01d
Count: 168,200,2802985,0.006417378,168,1584979200,283.47,276.35,1029,21,282.04,285.93,5.7,100,0,800,Clear,clear sky,01d
Count: 168,200,2802985,0.006417378,168,1584982800,282.22,276.07,1029,19,280.93,283.71,4.1,110,0,800,Clear,clear sky,01d
Count: 168,200,2802985,0.006417378,168,1584986400,280.54,274.0,1029,20,278.71,282.15,4.6,110,0,800,Clear,clear sky,01n
Count: 168,200,2802985,0.006417378,168,1584990000,279.05,272.4,1030,30,275.93,281.15,5.1,110,0,800,Clear,clear sky,01n
Count: 168,200,2802985,0.006417378,168,1584993600,278.02,271.19,1029,26,275.37,280.15,5.1,110,0,800,Clear,clear sky,01n
Count: 168,200,2802985,0.006417378,168,1584997200,277.44,273.01,1030,38,275.93,279.26,2.1,90,0,800,Clear,clear sky,01n
Count: 168,200,2802985,0.006417378,168,1585000800,276.47,270.29,1030,27,274.26,277.59,4.1,120,0,800,Clear,clear sky,01n
Count: 168,200,2802985,0.006417378,168,1585004400,276.0,270.15,1029,27,273.71,277.15,3.6,120,0,800,Clear,clear sky,01n
Count: 168,200,2802985,0.006417378,168,1585008000,275.76,268.89,1029,29,273.71,276.48,5.1,140,0,800,Clear,clear sky,01n
Count: 168,200,2802985,0.006417378,168,1585011600,274.95,270.47,1030,43,273.15,276.48,2.1,110,0,800,Clear,clear sky,01n
Count: 168,200,2802985,0.006417378,168,1585015200,274.27,269.06,1030,44,272.59,276.15,3.1,100,0,800,Clear,clear sky,01n
Count: 168,200,2802985,0.006417378,168,1585018800,273.79,267.85,1030,44,272.04,275.37,4.1,90,0,800,Clear,clear sky,01n
Count: 168,200,2802985,0.006417378,168,1585022400,272.93,268.65,1029,39,272.04,274.15,1.5,150,0,800,Clear,clear sky,01n
Count: 168,200,2802985,0.006417378,168,1585026000,272.52,267.51,1029,42,271.15,274.82,2.6,140,0,800,Clear,clear sky,01n
Count: 168,200,2802985,0.006417378,168,1585029600,272.58,267.88,1030,58,271.15,274.26,2.6,80,0,800,Clear,clear sky,01d
Count: 168,200,2802985,0.006417378,168,1585033200,274.31,269.34,1030,55,272.04,276.15,3.1,50,0,800,Clear,clear sky,01d
Count: 168,200,2802985,0.006417378,168,1585036800,277.03,271.76,1027,47,274.82,278.71,3.6,70,2,800,Clear,sky is clear,01d
Count: 168,200,2802985,0.006417378,168,1585040400,278.95,273.33,1028,41,276.839,280.93,4.1,90,2,800,Clear,sky is clear,01d
Count: 168,200,2802985,0.006417378,168,1585044000,279.73,272.64,1030,28,276.15,282.04,5.7,110,2,800,Clear,sky is clear,01d
Count: 168,200,2802985,0.006417378,168,1585047600,281.84,275.16,1028,24,278.903,283.71,5.1,90,0,800,Clear,sky is clear,01d
Count: 168,200,2802985,0.006417378,168,1585051200,282.53,275.51,1027,34,279.15,285.37,6.2,90,0,800,Clear,sky is clear,01d
Count: 168,200,2802985,0.006417378,168,1585054800,283.54,276.93,1028,23,280.15,285.93,5.1,70,0,800,Clear,sky is clear,01d
Count: 168,200,2802985,0.006417378,168,1585058400,283.95,277.23,1026,20,280.15,286.48,5.1,100,0,800,Clear,sky is clear,01d
Count: 168,200,2802985,0.006417378,168,1585062000,284.03,277.03,1025,23,280.15,286.48,5.7,90,0,800,Clear,sky is clear,01d
Count: 168,200,2802985,0.006417378,168,1585065600,283.69,275.7,1025,25,280.37,286.48,7.2,80,0,800,Clear,sky is clear,01d
Count: 168,200,2802985,0.006417378,168,1585069200,282.64,276.2,1024,29,278.15,286.48,5.1,90,0,800,Clear,sky is clear,01d
Count: 168,200,2802985,0.006417378,168,1585072800,281.26,274.69,1028,28,279.26,283.15,5.1,100,0,800,Clear,clear sky,01n
Count: 168,200,2802985,0.006417378,168,1585076400,279.49,273.31,1028,33,275.93,281.48,4.6,100,0,800,Clear,clear sky,01n
Count: 168,200,2802985,0.006417378,168,1585080000,278.39,272.92,1028,24,274.82,280.37,3.1,110,0,800,Clear,clear sky,01n
Count: 168,200,2802985,0.006417378,168,1585083600,277.41,271.58,1028,38,274.82,279.26,4.1,100,0,800,Clear,clear sky,01n
Count: 168,200,2802985,0.006417378,168,1585087200,276.56,270.73,1028,27,273.71,278.71,3.6,100,0,800,Clear,clear sky,01n
Count: 168,200,2802985,0.006417378,168,1585090800,275.93,270.42,1027,27,273.15,278.15,3.1,120,0,800,Clear,clear sky,01n
Count: 168,200,2802985,0.006417378,168,1585094400,275.67,270.5,1027,27,273.71,278.15,2.6,140,0,800,Clear,clear sky,01n
Count: 168,200,2802985,0.006417378,168,1585098000,274.93,269.26,1027,37,272.15,277.15,3.6,100,0,800,Clear,clear sky,01n
Count: 168,200,2802985,0.006417378,168,1585101600,274.35,270.24,1027,43,272.15,276.15,1.5,30,0,800,Clear,clear sky,01n
Count: 168,200,2802985,0.006417378,168,1585105200,273.59,269.01,1027,43,271.15,276.15,2.1,90,0,800,Clear,clear sky,01n
Count: 168,200,2802985,0.006417378,168,1585108800,272.8,268.31,1026,50,271.15,274.26,2.1,70,0,800,Clear,clear sky,01n
Count: 168,200,2802985,0.006417378,168,1585112400,272.16,267.52,1026,63,269.15,275.15,2.6,40,0,800,Clear,clear sky,01n
Count: 168,200,2802985,0.006417378,168,1585116000,271.83,267.35,1026,54,269.15,273.71,2.1,100,0,800,Clear,clear sky,01d
Count: 168,200,2802985,0.006417378,168,1585119600,273.48,268.55,1027,43,271.15,275.15,2.6,80,0,800,Clear,clear sky,01d
Count: 168,200,2802985,0.006417378,168,1585123200,276.36,271.7,1026,32,274.15,278.15,2.1,100,0,800,Clear,clear sky,01d
Count: 168,200,2802985,0.006417378,168,1585126800,278.37,272.29,1024,27,276.48,279.82,4.1,130,0,800,Clear,clear sky,01d
Count: 168,200,2802985,0.006417378,168,1585130400,279.53,273.39,1024,23,278.15,280.93,4.1,90,0,800,Clear,clear sky,01d
Count: 168,200,2802985,0.006417378,168,1585134000,281.32,274.78,1024,19,280.15,283.15,4.6,90,0,800,Clear,clear sky,01d
Count: 168,200,2802985,0.006417378,168,1585137600,282.49,276.24,1025,34,281.15,284.26,5.1,40,0,800,Clear,clear sky,01d
Count: 168,200,2802985,0.006417378,168,1585141200,283.47,276.6,1024,27,282.15,284.82,5.7,70,0,800,Clear,clear sky,01d
Count: 168,200,2802985,0.006417378,168,1585144800,284.31,275.75,1023,27,282.59,285.93,8.2,40,31,802,Clouds,scattered clouds,03d
Count: 168,200,2802985,0.006417378,168,1585148400,284.91,277.97,1023,23,283.15,286.48,5.7,70,31,802,Clouds,scattered clouds,03d
Count: 168,200,2802985,0.006417378,168,1585152000,284.82,277.73,1022,20,283.15,285.37,5.7,70,31,802,Clouds,scattered clouds,03d
Count: 168,200,2802985,0.006417378,168,1585155600,283.87,276.24,1022,25,282.04,285.37,6.7,40,64,803,Clouds,broken clouds,04d
Count: 168,200,2802985,0.006417378,168,1585159200,282.08,276.1,1021,33,279.82,283.71,4.6,50,64,803,Clouds,broken clouds,04n
Count: 168,200,2802985,0.006417378,168,1585162800,280.62,274.98,1021,36,277.59,282.04,4.1,40,64,803,Clouds,broken clouds,04n
Count: 168,200,2802985,0.006417378,168,1585166400,279.52,272.73,1022,38,276.48,281.15,5.7,50,67,803,Clouds,broken clouds,04n
Count: 168,200,2802985,0.006417378,168,1585170000,278.73,273.3,1022,48,275.93,280.93,4.1,60,67,803,Clouds,broken clouds,04n
Count: 168,200,2802985,0.006417378,168,1585173600,278.17,273.62,1022,44,276.48,279.82,2.6,70,67,803,Clouds,broken clouds,04n
Count: 168,200,2802985,0.006417378,168,1585177200,277.44,272.58,1022,35,275.93,278.71,2.6,80,36,802,Clouds,scattered clouds,03n
Count: 168,200,2802985,0.006417378,168,1585180800,276.24,270.4,1022,41,272.59,278.15,4.1,70,36,802,Clouds,scattered clouds,03n
Count: 168,200,2802985,0.006417378,168,1585184400,275.16,269.38,1022,47,272.15,278.15,4.1,60,31,802,Clouds,scattered clouds,03n
Count: 168,200,2802985,0.006417378,168,1585188000,274.51,269.22,1022,71,272.15,276.15,4.1,40,0,800,Clear,clear sky,01n
Count: 168,200,2802985,0.006417378,168,1585191600,273.97,268.8,1021,63,271.15,276.15,3.6,40,0,800,Clear,clear sky,01n
Count: 168,200,2802985,0.006417378,168,1585195200,273.43,268.29,1018,50,271.15,275.37,3.1,70,0,800,Clear,clear sky,01n
Count: 168,200,2802985,0.006417378,168,1585198800,272.99,267.47,1018,50,271.15,275.37,3.6,60,0,800,Clear,clear sky,01n
Count: 168,200,2802985,0.006417378,168,1585202400,272.93,266.96,1021,63,271.15,274.82,4.6,40,0,800,Clear,clear sky,01d
Count: 168,200,2802985,0.006417378,168,1585206000,274.68,269.49,1021,59,272.15,276.48,3.6,60,0,800,Clear,clear sky,01d
Count: 168,200,2802985,0.006417378,168,1585209600,277.41,271.82,1021,47,275.15,278.71,4.1,40,0,800,Clear,clear sky,01d
Count: 168,200,2802985,0.006417378,168,1585213200,279.36,271.95,1021,41,277.15,280.93,6.7,70,0,800,Clear,clear sky,01d
Count: 168,200,2802985,0.006417378,168,1585216800,280.69,273.55,1021,35,279.15,282.59,6.2,80,0,800,Clear,clear sky,01d
Count: 168,200,2802985,0.006417378,168,1585220400,281.94,273.71,1020,31,280.15,284.26,7.7,60,0,800,Clear,clear sky,01d
Count: 168,200,2802985,0.006417378,168,1585224000,282.96,275.16,1020,31,281.15,284.82,7.2,60,0,800,Clear,clear sky,01d
Count: 168,200,2802985,0.006417378,168,1585227600,283.64,276.37,1020,34,281.48,285.37,6.7,60,0,800,Clear,clear sky,01d
Count: 168,200,2802985,0.006417378,168,1585231200,284.29,277.57,1019,29,282.04,285.93,5.7,60,0,800,Clear,clear sky,01d
Count: 168,200,2802985,0.006417378,168,1585234800,284.45,276.69,1019,29,282.04,285.93,7.2,100,0,800,Clear,clear sky,01d
Count: 168,200,2802985,0.006417378,168,1585238400,284.23,277.5,1019,29,282.04,285.37,5.7,60,0,800,Clear,clear sky,01d
Count: 168,200,2802985,0.006417378,168,1585242000,283.81,276.78,1019,31,281.48,286.48,6.2,90,0,800,Clear,clear sky,01d
Count: 168,200,2802985,0.006417378,168,1585245600,282.23,278.47,1020,45,279.82,284.26,2.1,50,0,800,Clear,clear sky,01n
Count: 168,200,2802985,0.006417378,168,1585249200,280.39,274.78,1020,48,277.59,282.15,4.6,50,0,800,Clear,clear sky,01n
Count: 168,200,2802985,0.006417378,168,1585252800,279.14,274.8,1020,48,276.15,281.48,2.6,50,0,800,Clear,clear sky,01n
Count: 168,200,2802985,0.006417378,168,1585256400,278.61,273.87,1020,60,275.93,280.37,3.6,50,0,800,Clear,clear sky,01n
Count: 168,200,2802985,0.006417378,168,1585260000,277.73,273.56,1018,59,274.82,279.82,2.6,80,0,800,Clear,clear sky,01n
Count: 168,200,2802985,0.006417378,168,1585263600,276.91,273.13,1018,64,273.71,279.26,2.1,80,0,800,Clear,clear sky,01n
Count: 168,200,2802985,0.006417378,168,1585267200,276.48,273.42,1018,64,274.15,278.71,1.0,0,0,800,Clear,clear sky,01n
Count: 168,200,2802985,0.006417378,168,1585270800,276.21,271.55,1019,74,273.15,278.15,3.6,40,19,801,Clouds,few clouds,02n
Count: 168,200,2802985,0.006417378,168,1585274400,275.79,271.07,1019,74,273.71,277.59,3.6,30,0,800,Clear,clear sky,01n
Count: 168,200,2802985,0.006417378,168,1585278000,275.03,270.57,1019,74,272.15,277.59,3.1,30,0,800,Clear,clear sky,01n
Count: 168,200,2802985,0.006417378,168,1585281600,274.65,271.61,1019,74,272.04,276.48,1.0,0,0,800,Clear,clear sky,01n
Count: 168,200,2802985,0.006417378,168,1585285200,273.97,271.11,1017,86,271.15,276.48,1.0,0,0,800,Clear,clear sky,01n
Count: 168,200,2802985,0.006417378,168,1585288800,274.3,271.0,1017,80,271.48,276.48,1.5,60,0,800,Clear,clear sky,01d
Count: 168,200,2802985,0.006417378,168,1585292400,275.78,270.94,1019,69,272.59,277.59,3.6,30,0,800,Clear,clear sky,01d
Count: 168,200,2802985,0.006417378,168,1585296000,277.98,273.28,1019,64,276.15,279.82,3.6,50,0,800,Clear,clear sky,01d
Count: 168,200,2802985,0.006417378,168,1585299600,280.07,275.55,1019,61,278.15,282.04,3.6,40,0,800,Clear,clear sky,01d
Count: 168,200,2802985,0.006417378,168,1585303200,281.56,277.26,1019,61,279.15,283.71,3.6,40,0,800,Clear,clear sky,01d
Count: 168,200,2802985,0.006417378,168,1585306800,283.67,278.95,1017,43,282.15,285.93,3.6,70,0,800,Clear,clear sky,01d
Count: 168,200,2802985,0.006417378,168,1585310400,285.18,280.04,1017,45,282.15,287.59,4.6,90,0,800,Clear,clear sky,01d
Count: 168,200,2802985,0.006417378,168,1585314000,286.6,281.21,1018,43,285.15,289.26,5.1,50,0,800,Clear,clear sky,01d
Count: 168,200,2802985,0.006417378,168,1585317600,287.28,281.89,1018,41,285.15,289.26,5.1,50,1,800,Clear,clear sky,01d
Count: 168,200,2802985,0.006417378,168,1585321200,287.87,282.14,1017,41,285.93,289.82,5.7,50,1,800,Clear,clear sky,01d
Count: 168,200,2802985,0.006417378,168,1585324800,287.9,282.71,1017,57,285.93,289.82,6.2,40,1,800,Clear,clear sky,01d
Count: 168,200,2802985,0.006417378,168,1585328400,287.67,284.62,1017,83,285.15,290.37,5.1,50,1,800,Clear,clear sky,01d
Count: 168,200,2802985,0.006417378,168,1585332000,285.59,282.36,1017,47,282.04,288.71,2.1,20,1,800,Clear,clear sky,01n
Count: 168,200,2802985,0.006417378,168,1585335600,284.13,279.42,1018,50,280.93,286.15,4.1,20,1,800,Clear,clear sky,01n
Count: 168,200,2802985,0.006417378,168,1585339200,282.62,277.47,1018,53,278.15,284.82,4.6,30,0,800,Clear,clear sky,01n
Count: 168,200,2802985,0.006417378,168,1585342800,281.67,277.53,1018,65,276.48,284.82,3.6,40,0,800,Clear,clear sky,01n
Count: 168,200,2802985,0.006417378,168,1585346400,280.84,277.62,1019,65,275.93,283.71,2.1,30,0,800,Clear,clear sky,01n
Count: 168,200,2802985,0.006417378,168,1585350000,280.63,277.97,1019,70,276.48,282.59,1.5,30,0,800,Clear,clear sky,01n
Count: 168,200,2802985,0.006417378,168,1585353600,279.95,275.71,1019,70,275.93,282.15,3.6,40,0,800,Clear,clear sky,01n
Count: 168,200,2802985,0.006417378,168,1585357200,279.62,276.03,1019,70,277.04,282.04,2.6,30,0,800,Clear,clear sky,01n
Count: 168,200,2802985,0.006417378,168,1585360800,279.12,275.8,1019,70,276.48,281.48,2.1,20,3,800,Clear,clear sky,01n
Count: 168,200,2802985,0.006417378,168,1585364400,278.55,274.6,1019,75,276.48,281.48,3.1,30,3,800,Clear,clear sky,01n
Count: 168,200,2802985,0.006417378,168,1585368000,277.99,275.28,1019,70,276.15,280.37,1.0,0,3,800,Clear,clear sky,01n
Count: 168,200,2802985,0.006417378,168,1585371600,277.48,275.06,1019,96,275.15,279.26,1.5,40,2,800,Clear,clear sky,01n
Count: 168,200,2802985,0.006417378,168,1585375200,277.46,273.13,1020,80,275.93,279.26,3.6,30,2,800,Clear,clear sky,01d
Count: 168,200,2802985,0.006417378,168,1585378800,278.83,274.22,1020,75,276.15,280.37,4.1,30,2,800,Clear,clear sky,01d
Count: 168,200,2802985,0.006417378,168,1585382400,280.81,275.84,1021,65,279.15,282.59,4.6,30,0,800,Clear,clear sky,01d
Count: 168,200,2802985,0.006417378,168,1585386000,282.72,278.09,1021,66,282.04,283.71,4.6,30,0,800,Clear,clear sky,01d
Count: 168,200,2802985,0.006417378,168,1585389600,284.49,278.71,1020,50,283.15,285.37,5.7,40,0,800,Clear,clear sky,01d
Count: 168,200,2802985,0.006417378,168,1585393200,285.98,279.18,1020,46,284.82,287.04,7.2,40,0,800,Clear,clear sky,01d
Count: 168,200,2802985,0.006417378,168,1585396800,287.21,280.79,1020,43,286.15,288.15,6.7,40,0,800,Clear,clear sky,01d
Count: 168,200,2802985,0.006417378,168,1585400400,287.41,280.38,1021,44,286.15,288.71,7.7,20,0,800,Clear,clear sky,01d
Count: 168,200,2802985,0.006417378,168,1585404000,287.55,279.68,1021,41,287.04,288.71,8.7,30,0,800,Clear,clear sky,01d
Count: 168,200,2802985,0.006417378,168,1585407600,286.81,280.33,1021,43,285.15,288.71,6.7,10,0,800,Clear,clear sky,01d
Count: 168,200,2802985,0.006417378,168,1585411200,286.29,279.94,1021,40,285.15,287.04,6.2,30,0,800,Clear,clear sky,01d
Count: 168,200,2802985,0.006417378,168,1585414800,285.19,280.19,1021,72,284.15,287.04,6.2,30,0,800,Clear,clear sky,01d
Count: 168,200,2802985,0.006417378,168,1585418400,283.33,276.62,1022,57,282.04,285.15,7.2,360,0,800,Clear,clear sky,01n
Count: 168,200,2802985,0.006417378,168,1585422000,281.93,275.16,1023,61,280.93,283.15,7.2,360,0,800,Clear,clear sky,01n
Count: 168,200,2802985,0.006417378,168,1585425600,280.66,274.36,1024,70,279.26,282.15,6.7,360,19,801,Clouds,few clouds,02n
Count: 168,200,2802985,0.006417378,168,1585429200,279.63,272.47,1025,70,278.71,280.37,7.7,360,75,803,Clouds,broken clouds,04n
Count: 168,200,2802985,0.006417378,168,1585432800,278.63,271.52,1025,65,278.15,279.26,7.2,20,75,803,Clouds,broken clouds,04n
Count: 71,200,2802985,0.003675586,71,1585436400,277.96,271.23,1026,69,277.04,278.71,6.7,20,40,802,Clouds,scattered clouds,03n
Count: 71,200,2802985,0.003675586,71,1585440000,277.43,271.46,1026,74,276.15,278.15,5.7,10,75,803,Clouds,broken clouds,04n
Count: 71,200,2802985,0.003675586,71,1585443600,276.68,270.48,1026,69,275.93,278.15,5.7,360,61,803,Clouds,broken clouds,04n
Count: 71,200,2802985,0.003675586,71,1585447200,275.91,271.21,1025,74,274.82,276.48,3.6,330,40,802,Clouds,scattered clouds,03n
Count: 71,200,2802985,0.003675586,71,1585450800,275.91,271.08,1026,69,274.26,276.48,3.6,340,90,804,Clouds,overcast clouds,04n
Count: 71,200,2802985,0.003675586,71,1585454400,275.94,270.89,1026,74,274.26,276.48,4.1,340,75,803,Clouds,broken clouds,04n
Count: 71,200,2802985,0.003675586,71,1585458000,276.03,271.49,1025,80,275.15,277.15,3.6,350,75,600,Snow,light snow,13n
Count: 71,200,2802985,0.003675586,71,1585461600,275.76,271.26,1026,83,274.82,277.04,3.6,360,91,804,Clouds,overcast clouds,04d
Count: 71,200,2802985,0.003675586,71,1585465200,276.86,270.7,1026,83,275.93,278.15,6.2,360,20,801,Clouds,few clouds,02d
Count: 71,200,2802985,0.003675586,71,1585468800,278.1,271.74,1026,69,277.04,279.26,6.2,10,40,802,Clouds,scattered clouds,03d
Count: 71,200,2802985,0.003675586,71,1585472400,278.53,269.44,1027,60,277.15,280.15,9.8,30,90,804,Clouds,overcast clouds,04d
Count: 71,200,2802985,0.003675586,71,1585476000,278.7,269.71,1027,51,277.04,280.37,9.3,20,40,802,Clouds,scattered clouds,03d
Count: 71,200,2802985,0.003675586,71,1585479600,277.79,267.8,1027,56,275.15,280.15,10.8,20,75,803,Clouds,broken clouds,04d
Count: 71,200,2802985,0.003675586,71,1585483200,277.52,271.2,1024,86,274.15,280.15,6.7,20,96,600,Snow,light snow,13d
Count: 71,200,2802985,0.003675586,71,1585486800,277.02,268.98,1028,93,273.15,279.82,9.3,30,75,520,Rain,light intensity shower rain,09d
Count: 71,200,2802985,0.003675586,71,1585490400,277.16,268.07,1028,92,275.15,279.26,10.8,40,75,615,Snow,light rain and snow,13d
Count: 71,200,2802985,0.003675586,71,1585494000,277.14,268.74,1028,92,275.37,279.26,9.8,30,75,803,Clouds,broken clouds,04d
Count: 71,200,2802985,0.003675586,71,1585497600,276.96,270.0,1029,92,274.82,279.15,7.7,50,75,803,Clouds,broken clouds,04d
Count: 71,200,2802985,0.003675586,71,1585501200,277.11,271.63,1029,94,274.82,278.71,5.7,50,75,803,Clouds,broken clouds,04d
Count: 71,200,2802985,0.003675586,71,1585504800,277.19,269.87,1030,64,274.82,278.15,7.2,30,75,803,Clouds,broken clouds,04n
Count: 71,200,2802985,0.003675586,71,1585508400,277.11,268.84,1031,55,275.37,278.15,8.2,30,40,802,Clouds,scattered clouds,03n
Count: 71,200,2802985,0.003675586,71,1585512000,276.72,267.0,1032,44,274.82,277.59,9.8,30,40,802,Clouds,scattered clouds,03n
Count: 71,200,2802985,0.003675586,71,1585515600,275.81,266.28,1032,40,273.71,277.15,9.3,30,86,600,Snow,light snow,13n
Count: 71,200,2802985,0.003675586,71,1585519200,274.64,266.65,1033,47,273.15,276.15,7.2,30,86,600,Snow,light snow,13n
Count: 71,200,2802985,0.003675586,71,1585522800,273.56,267.38,1032,87,272.04,274.82,5.7,40,20,801,Clouds,few clouds,02n
Count: 71,200,2802985,0.003675586,71,1585526400,272.74,266.87,1033,87,270.93,274.26,5.1,30,44,802,Clouds,scattered clouds,03n
Count: 71,200,2802985,0.003675586,71,1585530000,272.05,264.79,1033,58,270.93,273.15,6.2,40,62,803,Clouds,broken clouds,04n
Count: 71,200,2802985,0.003675586,71,1585533600,271.44,264.99,1032,63,269.82,272.59,5.1,30,0,800,Clear,clear sky,01n
Count: 71,200,2802985,0.003675586,71,1585537200,270.81,264.74,1032,68,269.26,272.59,4.6,30,0,800,Clear,clear sky,01n
Count: 71,200,2802985,0.003675586,71,1585540800,270.27,265.64,1031,73,268.71,271.48,2.6,20,0,800,Clear,clear sky,01n
Count: 71,200,2802985,0.003675586,71,1585544400,270.06,265.41,1031,73,268.71,271.48,2.6,20,0,800,Clear,clear sky,01n
Count: 71,200,2802985,0.003675586,71,1585548000,269.93,265.72,1031,79,268.15,271.48,2.1,40,0,800,Clear,clear sky,01d
Count: 71,200,2802985,0.003675586,71,1585551600,271.99,267.78,1032,68,269.15,274.26,2.1,50,0,800,Clear,clear sky,01d
Count: 71,200,2802985,0.003675586,71,1585555200,275.09,270.8,1031,51,272.15,276.48,2.1,50,0,800,Clear,clear sky,01d
Count: 71,200,2802985,0.003675586,71,1585558800,277.01,273.13,1031,44,275.15,278.71,1.5,70,0,800,Clear,clear sky,01d
Count: 71,200,2802985,0.003675586,71,1585562400,278.22,272.88,1031,41,276.15,279.82,3.6,40,0,800,Clear,clear sky,01d
Count: 71,200,2802985,0.003675586,71,1585566000,279.38,275.06,1030,48,277.15,282.59,2.6,0,0,800,Clear,clear sky,01d
Count: 71,200,2802985,0.003675586,71,1585569600,280.09,275.5,1029,48,278.15,283.15,3.1,330,40,802,Clouds,scattered clouds,03d
Count: 71,200,2802985,0.003675586,71,1585573200,280.62,276.57,1029,52,279.15,282.04,2.6,300,90,804,Clouds,overcast clouds,04d
Count: 71,200,2802985,0.003675586,71,1585576800,280.9,276.19,1028,52,279.15,282.59,3.6,330,90,804,Clouds,overcast clouds,04d
Count: 71,200,2802985,0.003675586,71,1585580400,281.32,277.5,1027,56,279.26,283.71,2.6,330,90,804,Clouds,overcast clouds,04d
Count: 71,200,2802985,0.003675586,71,1585584000,281.2,276.17,1027,52,279.26,282.59,4.1,340,40,802,Clouds,scattered clouds,03d
Count: 71,200,2802985,0.003675586,71,1585587600,280.83,276.25,1027,56,279.82,282.04,3.6,360,40,802,Clouds,scattered clouds,03d
Count: 71,200,2802985,0.003675586,71,1585591200,280.4,276.63,1026,82,278.71,282.04,3.6,320,90,804,Clouds,overcast clouds,04n
Count: 71,200,2802985,0.003675586,71,1585594800,279.25,274.9,1026,70,277.15,280.37,3.6,320,75,803,Clouds,broken clouds,04n
Count: 71,200,2802985,0.003675586,71,1585598400,278.86,276.08,1026,75,276.48,280.37,1.5,310,20,801,Clouds,few clouds,02n
Count: 71,200,2802985,0.003675586,71,1585602000,278.15,274.98,1027,80,274.82,279.26,2.1,340,90,804,Clouds,overcast clouds,04n
Count: 71,200,2802985,0.003675586,71,1585605600,278.03,274.14,1027,80,274.82,279.26,3.1,350,75,803,Clouds,broken clouds,04n
Count: 71,200,2802985,0.003675586,71,1585609200,277.77,274.54,1027,80,275.37,278.71,2.1,360,75,803,Clouds,broken clouds,04n
Count: 71,200,2802985,0.003675586,71,1585612800,277.15,272.59,1027,86,275.37,278.15,4.1,20,84,600,Snow,light snow,13n
Count: 71,200,2802985,0.003675586,71,1585616400,276.14,272.64,1027,93,274.82,277.59,2.6,10,75,803,Clouds,broken clouds,04n
Count: 71,200,2802985,0.003675586,71,1585620000,275.64,270.66,1027,93,274.15,277.15,4.6,30,40,802,Clouds,scattered clouds,03n
Count: 71,200,2802985,0.003675586,71,1585623600,275.22,270.17,1027,93,273.71,276.48,4.6,50,90,804,Clouds,overcast clouds,04n
Count: 71,200,2802985,0.003675586,71,1585627200,274.77,270.01,1027,93,273.15,276.15,4.1,30,75,803,Clouds,broken clouds,04n
Count: 71,200,2802985,0.003675586,71,1585630800,274.22,270.03,1026,91,272.59,275.93,3.1,60,80,803,Clouds,broken clouds,04n
Count: 71,200,2802985,0.003675586,71,1585634400,274.42,269.41,1028,100,273.15,275.93,4.6,40,90,701,Mist,mist,50d
Count: 71,200,2802985,0.003675586,71,1585638000,275.14,270.08,1029,93,273.71,276.48,4.6,40,90,701,Mist,mist,50d
Count: 71,200,2802985,0.003675586,71,1585641600,276.25,271.54,1030,86,274.15,277.59,4.1,50,90,701,Mist,mist,50d
Count: 71,200,2802985,0.003675586,71,1585645200,277.84,273.22,1030,80,275.15,279.82,4.1,40,86,804,Clouds,overcast clouds,04d
Count: 71,200,2802985,0.003675586,71,1585648800,278.7,273.57,1030,70,276.15,280.93,4.6,30,40,802,Clouds,scattered clouds,03d
Count: 71,200,2802985,0.003675586,71,1585652400,280.67,275.32,1029,65,278.15,282.59,5.1,40,40,802,Clouds,scattered clouds,03d
Count: 71,200,2802985,0.003675586,71,1585656000,281.64,275.18,1029,42,280.15,283.71,5.7,40,43,802,Clouds,scattered clouds,03d
Count: 71,200,2802985,0.003675586,71,1585659600,281.99,275.57,1029,42,281.15,283.71,5.7,60,76,803,Clouds,broken clouds,04d
Count: 71,200,2802985,0.003675586,71,1585663200,282.63,276.7,1028,42,281.48,284.82,5.1,50,0,800,Clear,clear sky,01d
Count: 71,200,2802985,0.003675586,71,1585666800,282.48,276.42,1027,39,281.15,284.26,5.1,50,0,800,Clear,clear sky,01d
Count: 71,200,2802985,0.003675586,71,1585670400,282.29,276.21,1027,39,281.15,284.26,5.1,20,0,800,Clear,clear sky,01d
Count: 71,200,2802985,0.003675586,71,1585674000,281.47,274.89,1027,39,280.15,282.59,5.7,40,0,800,Clear,clear sky,01d
Count: 71,200,2802985,0.003675586,71,1585677600,280.04,274.64,1027,45,277.15,282.59,4.1,50,0,800,Clear,clear sky,01n
Count: 71,200,2802985,0.003675586,71,1585681200,278.06,273.46,1027,55,274.82,281.15,3.1,40,0,800,Clear,clear sky,01n
Count: 71,200,2802985,0.003675586,71,1585684800,276.76,272.27,1027,51,273.71,278.71,2.6,40,0,800,Clear,clear sky,01n
Count: 71,200,2802985,0.003675586,71,1585688400,275.75,271.36,1027,59,273.15,278.15,2.6,50,0,800,Clear,clear sky,01n
Count: 168,200,2802985,0.005303361,168,1585692000,274.53,269.67,1026,59,272.04,277.15,3.1,50,0,800,Clear,clear sky,01n
Count: 168,200,2802985,0.005303361,168,1585695600,273.61,269.79,1026,59,271.48,276.15,1.5,20,0,800,Clear,clear sky,01n
Count: 168,200,2802985,0.005303361,168,1585699200,272.98,269.1,1025,80,270.93,274.26,2.1,60,0,800,Clear,clear sky,01n
Count: 168,200,2802985,0.005303361,168,1585702800,272.43,269.3,1025,82,270.37,274.26,1.0,10,0,800,Clear,clear sky,01n
Count: 168,200,2802985,0.005303361,168,1585706400,272.23,268.71,1025,81,269.82,274.15,1.5,10,1,800,Clear,clear sky,01n
Count: 168,200,2802985,0.005303361,168,1585710000,271.67,268.42,1024,80,269.82,273.15,1.0,0,1,800,Clear,clear sky,01n
Count: 168,200,2802985,0.005303361,168,1585713600,271.23,267.95,1023,81,269.26,273.15,1.0,140,1,800,Clear,clear sky,01n
Count: 168,200,2802985,0.005303361,168,1585717200,270.98,267.9,1023,74,269.26,272.59,0.5,0,1,800,Clear,clear sky,01n
Count: 168,200,2802985,0.005303361,168,1585720800,271.21,268.26,1023,80,269.15,273.71,0.5,150,1,800,Clear,clear sky,01d
Count: 168,200,2802985,0.005303361,168,1585724400,273.49,269.93,1023,72,271.15,275.93,1.5,210,1,800,Clear,clear sky,01d
Count: 168,200,2802985,0.005303361,168,1585728000,276.67,274.11,1023,69,274.15,278.71,0.5,0,0,800,Clear,clear sky,01d
Count: 168,200,2802985,0.005303361,168,1585731600,279.03,276.04,1023,56,277.04,280.37,1.0,0,0,800,Clear,clear sky,01d
Count: 168,200,2802985,0.005303361,168,1585735200,280.91,276.31,1023,45,279.15,282.59,3.1,70,0,800,Clear,clear sky,01d
Count: 168,200,2802985,0.005303361,168,1585738800,281.76,277.84,1022,42,280.37,282.59,2.1,50,0,800,Clear,clear sky,01d
Count: 168,200,2802985,0.005303361,168,1585742400,282.54,279.0,1021,39,280.15,284.82,1.5,100,0,800,Clear,clear sky,01d
Count: 168,200,2802985,0.005303361,168,1585746000,283.13,278.89,1020,39,281.15,285.37,2.6,320,0,800,Clear,clear sky,01d
Count: 168,200,2802985,0.005303361,168,1585749600,283.61,280.1,1019,37,281.15,285.37,1.5,0,0,800,Clear,clear sky,01d
Count: 168,200,2802985,0.005303361,168,1585753200,283.88,280.15,1019,31,282.15,285.37,1.5,0,0,800,Clear,clear sky,01d
Count: 168,200,2802985,0.005303361,168,1585756800,283.66,280.82,1018,36,282.15,285.37,0.5,0,0,800,Clear,clear sky,01d
Count: 168,200,2802985,0.005303361,168,1585760400,283.1,279.08,1018,36,281.48,284.26,2.1,10,1,800,Clear,clear sky,01d
Count: 168,200,2802985,0.005303361,168,1585764000,281.34,277.27,1017,39,278.71,283.15,2.1,90,1,800,Clear,clear sky,01n
Count: 168,200,2802985,0.005303361,168,1585767600,279.41,275.87,1017,48,276.48,281.48,1.5,70,1,800,Clear,clear sky,01n
Count: 168,200,2802985,0.005303361,168,1585771200,278.37,273.72,1017,52,275.93,279.82,3.1,10,0,800,Clear,clear sky,01n
Count: 168,200,2802985,0.005303361,168,1585774800,277.56,273.53,1017,65,274.82,278.71,2.6,360,0,800,Clear,clear sky,01n
Count: 168,200,2802985,0.005303361,168,1585778400,276.42,272.58,1017,64,272.59,278.15,2.1,340,0,800,Clear,clear sky,01n
Count: 168,200,2802985,0.005303361,168,1585782000,275.36,271.29,1017,74,272.04,277.04,2.6,360,0,800,Clear,clear sky,01n
Count: 168,200,2802985,0.005303361,168,1585785600,274.66,270.49,1017,89,271.48,276.48,3.1,340,0,800,Clear,clear sky,01n
Count: 168,200,2802985,0.005303361,168,1585789200,273.77,270.9,1017,87,270.93,275.37,1.0,360,0,800,Clear,clear sky,01n
Count: 168,200,2802985,0.005303361,168,1585792800,273.17,269.98,1016,92,270.37,275.15,1.5,310,0,800,Clear,clear sky,01n
Count: 168,200,2802985,0.005303361,168,1585796400,273.09,270.24,1016,92,270.37,274.82,1.0,240,0,800,Clear,clear sky,01n
Count: 168,200,2802985,0.005303361,168,1585800000,273.07,270.09,1016,86,269.82,275.37,1.0,0,40,802,Clouds,scattered clouds,03n
Count: 168,200,2802985,0.005303361,168,1585803600,272.95,269.61,1015,86,269.26,275.93,1.5,230,40,802,Clouds,scattered clouds,03n
Count: 168,200,2802985,0.005303361,168,1585807200,273.08,268.75,1015,92,269.82,275.93,3.1,210,21,801,Clouds,few clouds,02d
Count: 168,200,2802985,0.005303361,168,1585810800,274.85,270.64,1016,86,273.15,277.04,3.1,210,21,801,Clouds,few clouds,02d
Count: 168,200,2802985,0.005303361,168,1585814400,277.08,273.2,1015,86,275.15,279.26,3.1,200,0,800,Clear,clear sky,01d
Count: 168,200,2802985,0.005303361,168,1585818000,279.22,276.23,1015,80,277.15,281.48,2.1,230,90,804,Clouds,overcast clouds,04d
Count: 168,200,2802985,0.005303361,168,1585821600,280.61,276.7,1015,56,278.15,282.59,2.6,310,75,803,Clouds,broken clouds,04d
Count: 168,200,2802985,0.005303361,168,1585825200,281.34,277.18,1015,56,279.15,282.59,3.1,260,40,802,Clouds,scattered clouds,03d
Count: 168,200,2802985,0.005303361,168,1585828800,282.53,278.61,1014,49,280.15,283.71,2.6,250,40,802,Clouds,scattered clouds,03d
Count: 168,200,2802985,0.005303361,168,1585832400,283.0,278.91,1013,52,281.48,284.26,3.1,290,90,804,Clouds,overcast clouds,04d
Count: 168,200,2802985,0.005303361,168,1585836000,283.27,279.28,1013,62,282.04,285.37,3.6,270,90,804,Clouds,overcast clouds,04d
Count: 168,200,2802985,0.005303361,168,1585839600,283.33,279.0,1013,62,282.04,285.37,4.1,280,90,804,Clouds,overcast clouds,04d
Count: 168,200,2802985,0.005303361,168,1585843200,282.91,278.51,1013,62,281.48,284.26,4.1,270,75,803,Clouds,broken clouds,04d
Count: 168,200,2802985,0.005303361,168,1585846800,282.34,278.34,1013,84,280.93,283.15,4.6,270,75,803,Clouds,broken clouds,04d
Count: 168,200,2802985,0.005303361,168,1585850400,281.83,277.92,1013,61,280.93,283.15,3.1,280,90,804,Clouds,overcast clouds,04d
Count: 168,200,2802985,0.005303361,168,1585854000,281.5,277.89,1012,61,280.15,282.59,2.6,250,90,804,Clouds,overcast clouds,04n
Count: 168,200,2802985,0.005303361,168,1585857600,280.49,275.47,1012,65,279.26,282.15,4.6,220,96,804,Clouds,overcast clouds,04n
Count: 168,200,2802985,0.005303361,168,1585861200,280.36,275.32,1012,65,279.15,281.48,4.6,230,96,804,Clouds,overcast clouds,04n
Count: 168,200,2802985,0.005303361,168,1585864800,280.43,276.1,1013,65,278.71,281.48,3.6,230,75,803,Clouds,broken clouds,04n
Count: 168,200,2802985,0.005303361,168,1585868400,280.53,275.68,1013,70,277.59,281.48,4.6,250,75,803,Clouds,broken clouds,04n
Count: 168,200,2802985,0.005303361,168,1585872000,280.35,275.29,1012,75,278.71,281.48,5.1,230,73,803,Clouds,broken clouds,04n
Count: 168,200,2802985,0.005303361,168,1585875600,280.33,275.82,1012,81,279.15,281.15,4.6,230,90,804,Clouds,overcast clouds,04n
Count: 168,200,2802985,0.005303361,168,1585879200,280.26,276.43,1012,81,278.71,281.48,3.6,240,40,802,Clouds,scattered clouds,03n
Count: 168,200,2802985,0.005303361,168,1585882800,280.01,275.79,1012,81,278.71,281.48,4.1,230,86,500,Rain,light rain,10n
Count: 168,200,2802985,0.005303361,168,1585886400,279.8,275.73,1013,87,278.71,280.93,4.1,250,20,801,Clouds,few clouds,02n
Count: 168,200,2802985,0.005303361,168,1585890000,279.71,275.63,1014,87,278.15,280.93,4.1,250,93,804,Clouds,overcast clouds,04n
Count: 168,200,2802985,0.005303361,168,1585893600,279.64,276.21,1014,86,278.15,280.93,3.1,250,93,804,Clouds,overcast clouds,04d
Count: 168,200,2802985,0.005303361,168,1585897200,280.25,276.77,1014,81,279.15,280.93,3.1,240,93,804,Clouds,overcast clouds,04d
Count: 168,200,2802985,0.005303361,168,1585900800,281.66,277.88,1015,75,280.15,283.15,3.6,260,20,801,Clouds,few clouds,02d
Count: 168,200,2802985,0.005303361,168,1585904400,282.58,278.28,1015,66,280.15,284.82,4.1,260,75,803,Clouds,broken clouds,04d
Count: 168,200,2802985,0.005303361,168,1585908000,282.8,277.38,1017,65,281.15,283.71,5.7,270,75,803,Clouds,broken clouds,04d
Count: 168,200,2802985,0.005303361,168,1585911600,282.95,278.17,1017,61,282.04,284.82,4.6,270,75,803,Clouds,broken clouds,04d
Count: 168,200,2802985,0.005303361,168,1585915200,283.25,278.86,1017,61,281.15,284.26,4.1,260,90,804,Clouds,overcast clouds,04d
Count: 168,200,2802985,0.005303361,168,1585918800,283.87,276.38,1017,53,282.59,285.37,8.2,280,75,803,Clouds,broken clouds,04d
Count: 168,200,2802985,0.005303361,168,1585922400,283.66,279.51,1018,65,282.15,284.82,4.1,280,20,801,Clouds,few clouds,02d
Count: 168,200,2802985,0.005303361,168,1585926000,283.71,279.92,1017,65,282.15,285.37,3.6,280,92,500,Rain,light rain,10d
Count: 168,200,2802985,0.005303361,168,1585929600,283.71,278.9,1018,49,282.15,285.93,4.1,290,92,500,Rain,light rain,10d
Count: 168,200,2802985,0.005303361,168,1585933200,282.87,277.95,1019,49,282.04,284.26,4.1,300,73,803,Clouds,broken clouds,04d
Count: 168,200,2802985,0.005303361,168,1585936800,281.53,276.79,1019,49,279.82,283.15,3.6,300,73,803,Clouds,broken clouds,04d
Count: 168,200,2802985,0.005303361,168,1585940400,279.93,275.45,1020,52,278.71,281.48,3.1,310,73,803,Clouds,broken clouds,04n
Count: 168,200,2802985,0.005303361,168,1585944000,278.25,274.82,1020,56,275.37,280.15,1.5,300,65,803,Clouds,broken clouds,04n
Count: 168,200,2802985,0.005303361,168,1585947600,276.98,273.76,1021,56,274.82,279.26,1.0,0,65,803,Clouds,broken clouds,04n
Count: 168,200,2802985,0.005303361,168,1585951200,276.24,272.4,1021,48,273.71,279.15,1.5,50,65,803,Clouds,broken clouds,04n
Count: 168,200,2802985,0.005303361,168,1585954800,275.82,271.62,1021,52,272.59,279.15,2.1,110,20,801,Clouds,few clouds,02n
Count: 168,200,2802985,0.005303361,168,1585958400,276.04,272.28,1021,69,272.04,278.15,2.1,140,54,803,Clouds,broken clouds,04n
Count: 168,200,2802985,0.005303361,168,1585962000,275.49,271.55,1021,64,271.48,278.15,2.1,180,45,802,Clouds,scattered clouds,03n
Count: 168,200,2802985,0.005303361,168,1585965600,275.08,271.63,1022,69,271.48,278.15,1.5,140,72,803,Clouds,broken clouds,04n
Count: 168,200,2802985,0.005303361,168,1585969200,274.11,270.66,1022,74,271.15,277.15,1.5,150,72,803,Clouds,broken clouds,04n
Count: 168,200,2802985,0.005303361,168,1585972800,273.74,270.74,1023,86,271.15,276.15,1.16,152,72,803,Clouds,broken clouds,04n
Count: 168,200,2802985,0.005303361,168,1585976400,274.03,269.34,1022,69,271.15,277.15,3.1,130,75,803,Clouds,broken clouds,04d
Count: 168,200,2802985,0.005303361,168,1585980000,274.48,270.54,1023,69,271.15,277.15,2.1,130,57,803,Clouds,broken clouds,04d
Count: 168,200,2802985,0.005303361,168,1585983600,276.63,272.01,1023,60,274.15,279.15,3.1,100,57,803,Clouds,broken clouds,04d
Count: 168,200,2802985,0.005303361,168,1585987200,280.92,276.56,1024,52,278.15,282.59,3.1,160,23,801,Clouds,few clouds,02d
Count: 168,200,2802985,0.005303361,168,1585990800,283.1,278.43,1024,46,279.82,284.82,3.6,130,23,801,Clouds,few clouds,02d
Count: 168,200,2802985,0.005303361,168,1585994400,284.5,280.1,1024,40,282.15,285.93,3.1,130,23,801,Clouds,few clouds,02d
Count: 168,200,2802985,0.005303361,168,1585998000,285.39,281.59,1024,43,283.15,287.59,2.6,160,12,801,Clouds,few clouds,02d
Count: 168,200,2802985,0.005303361,168,1586001600,286.21,282.47,1024,42,284.15,288.15,2.6,190,12,801,Clouds,few clouds,02d
Count: 168,200,2802985,0.005303361,168,1586005200,287.29,283.65,1023,41,285.15,289.82,2.6,100,13,801,Clouds,few clouds,02d
Count: 168,200,2802985,0.005303361,168,1586008800,287.39,284.43,1023,47,284.82,289.26,2.1,0,9,800,Clear,clear sky,01d
Count: 168,200,2802985,0.005303361,168,1586012400,287.62,284.7,1022,47,285.93,289.26,2.1,120,9,800,Clear,clear sky,01d
Count: 168,200,2802985,0.005303361,168,1586016000,287.63,284.01,1022,47,286.48,289.26,3.1,20,9,800,Clear,clear sky,01d
Count: 168,200,2802985,0.005303361,168,1586019600,287.27,284.17,1022,71,286.48,288.71,4.1,50,9,800,Clear,clear sky,01d
Count: 168,200,2802985,0.005303361,168,1586023200,285.6,281.33,1022,40,283.71,287.59,3.1,70,9,800,Clear,clear sky,01d
Count: 168,200,2802985,0.005303361,168,1586026800,283.47,278.85,1022,46,280.93,286.15,3.6,80,9,800,Clear,clear sky,01n
Count: 168,200,2802985,0.005303361,168,1586030400,282.02,276.99,1022,49,278.15,284.26,4.1,80,0,800,Clear,clear sky,01n
Count: 168,200,2802985,0.005303361,168,1586034000,281.16,276.37,1022,49,277.04,284.15,3.6,110,0,800,Clear,clear sky,01n
Count: 168,200,2802985,0.005303361,168,1586037600,280.19,275.04,1023,52,277.04,283.15,4.1,120,0,800,Clear,clear sky,01n
Count: 168,200,2802985,0.005303361,168,1586041200,280.09,275.18,1022,49,278.15,282.15,3.6,120,0,800,Clear,clear sky,01n
Count: 168,200,2802985,0.005303361,168,1586044800,279.07,275.32,1022,56,276.48,281.15,2.1,120,0,800,Clear,clear sky,01n
Count: 168,200,2802985,0.005303361,168,1586048400,278.47,273.95,1022,68,275.15,281.48,3.6,120,0,800,Clear,clear sky,01n
Count: 168,200,2802985,0.005303361,168,1586052000,278.41,273.94,1022,70,275.93,280.37,3.6,100,0,800,Clear,clear sky,01n
Count: 168,200,2802985,0.005303361,168,1586055600,278.75,274.33,1021,70,275.93,281.15,3.6,110,0,800,Clear,clear sky,01n
Count: 168,200,2802985,0.005303361,168,1586059200,278.09,273.99,1021,60,275.93,279.26,2.6,100,0,800,Clear,clear sky,01n
Count: 168,200,2802985,0.005303361,168,1586062800,277.94,273.99,1021,66,276.15,279.26,2.6,90,0,800,Clear,clear sky,01d
Count: 168,200,2802985,0.005303361,168,1586066400,278.98,274.82,1022,66,276.48,282.15,3.1,100,0,800,Clear,clear sky,01d
Count: 168,200,2802985,0.005303361,168,1586070000,281.03,276.65,1022,61,278.15,283.15,3.6,110,0,800,Clear,clear sky,01d
Count: 168,200,2802985,0.005303361,168,1586073600,285.36,281.53,1022,50,282.04,288.15,3.1,110,0,800,Clear,clear sky,01d
Count: 168,200,2802985,0.005303361,168,1586077200,287.54,281.6,1021,38,283.71,290.37,5.7,140,0,800,Clear,clear sky,01d
Count: 168,200,2802985,0.005303361,168,1586080800,289.34,284.32,1021,49,286.15,291.15,5.7,150,0,800,Clear,clear sky,01d
Count: 168,200,2802985,0.005303361,168,1586084400,291.42,285.72,1020,27,289.15,292.59,5.1,150,0,800,Clear,clear sky,01d
Count: 168,200,2802985,0.005303361,168,1586088000,292.36,286.5,1020,29,289.82,293.71,5.7,160,0,800,Clear,clear sky,01d
Count: 168,200,2802985,0.005303361,168,1586091600,293.48,287.38,1019,24,291.15,294.82,5.7,160,0,800,Clear,clear sky,01d
Count: 168,200,2802985,0.005303361,168,1586095200,293.81,287.52,1018,30,292.15,295.37,6.7,160,0,800,Clear,clear sky,01d
Count: 168,200,2802985,0.005303361,168,1586098800,294.09,289.5,1018,28,292.15,295.37,4.1,160,0,800,Clear,clear sky,01d
Count: 168,200,2802985,0.005303361,168,1586102400,293.75,288.1,1017,24,291.48,295.37,5.1,170,0,800,Clear,clear sky,01d
Count: 168,200,2802985,0.005303361,168,1586106000,292.94,287.89,1017,24,290.93,294.82,4.1,150,0,800,Clear,clear sky,01d
Count: 168,200,2802985,0.005303361,168,1586109600,290.87,287.71,1017,66,288.15,293.15,5.1,150,0,800,Clear,clear sky,01d
Count: 168,200,2802985,0.005303361,168,1586113200,288.74,286.07,1017,66,285.15,291.15,3.6,140,0,800,Clear,clear sky,01n
Count: 168,200,2802985,0.005303361,168,1586116800,287.1,282.03,1017,41,284.15,290.15,4.6,130,0,800,Clear,clear sky,01n
Count: 168,200,2802985,0.005303361,168,1586120400,286.11,281.84,1017,60,283.15,288.15,4.6,130,0,800,Clear,clear sky,01n
Count: 168,200,2802985,0.005303361,168,1586124000,285.89,280.81,1017,60,283.15,287.59,5.7,140,0,800,Clear,clear sky,01n
Count: 168,200,2802985,0.005303361,168,1586127600,285.0,281.19,1017,67,282.04,287.15,4.1,140,0,800,Clear,clear sky,01n
Count: 168,200,2802985,0.005303361,168,1586131200,284.59,279.28,1017,43,282.04,286.48,4.6,170,0,800,Clear,clear sky,01n
Count: 168,200,2802985,0.005303361,168,1586134800,284.03,278.3,1017,43,280.15,286.48,5.1,180,0,800,Clear,clear sky,01n
Count: 168,200,2802985,0.005303361,168,1586138400,283.8,278.4,1017,43,280.93,286.48,4.6,170,0,800,Clear,clear sky,01n
Count: 168,200,2802985,0.005303361,168,1586142000,283.53,277.74,1016,43,280.37,286.48,5.1,170,0,800,Clear,clear sky,01n
Count: 168,200,2802985,0.005303361,168,1586145600,283.08,278.23,1017,78,279.82,286.15,5.7,160,0,800,Clear,clear sky,01n
Count: 168,200,2802985,0.005303361,168,1586149200,283.35,278.48,1017,76,279.82,285.93,5.7,170,0,800,Clear,clear sky,01d
Count: 168,200,2802985,0.005303361,168,1586152800,283.45,277.23,1017,43,280.37,286.15,5.7,170,0,800,Clear,clear sky,01d
Count: 168,200,2802985,0.005303361,168,1586156400,285.51,278.55,1017,44,283.71,287.15,7.2,190,0,800,Clear,clear sky,01d
Count: 168,200,2802985,0.005303361,168,1586160000,288.65,281.81,1018,44,285.37,290.93,7.7,200,0,800,Clear,clear sky,01d
Count: 168,200,2802985,0.005303361,168,1586163600,290.54,284.4,1018,39,288.71,292.59,6.7,210,0,800,Clear,clear sky,01d
Count: 168,200,2802985,0.005303361,168,1586167200,290.68,285.64,1021,33,287.59,292.15,4.6,230,0,800,Clear,clear sky,01d
Count: 168,200,2802985,0.005303361,168,1586170800,293.51,288.04,1019,32,292.15,294.82,5.7,180,0,800,Clear,clear sky,01d
Count: 168,200,2802985,0.005303361,168,1586174400,294.69,288.71,1019,32,293.15,295.93,6.7,200,0,800,Clear,clear sky,01d
Count: 168,200,2802985,0.005303361,168,1586178000,295.31,289.87,1019,33,294.15,295.93,6.2,230,0,800,Clear,clear sky,01d
Count: 168,200,2802985,0.005303361,168,1586181600,295.24,289.0,1020,28,292.04,297.04,6.7,230,0,800,Clear,clear sky,01d
Count: 168,200,2802985,0.005303361,168,1586185200,295.15,288.9,1020,28,292.04,297.04,6.7,240,0,800,Clear,clear sky,01d
Count: 168,200,2802985,0.005303361,168,1586188800,294.95,288.14,1021,26,292.04,296.15,7.2,210,0,800,Clear,clear sky,01d
Count: 168,200,2802985,0.005303361,168,1586192400,293.53,288.99,1022,34,290.93,296.15,4.6,240,7,800,Clear,clear sky,01d
Count: 168,200,2802985,0.005303361,168,1586196000,291.26,287.27,1022,37,288.71,294.15,3.6,260,7,800,Clear,clear sky,01d
Count: 168,200,2802985,0.005303361,168,1586199600,289.46,285.87,1023,48,287.04,291.48,3.6,280,7,800,Clear,clear sky,01n
Count: 168,200,2802985,0.005303361,168,1586203200,288.41,286.77,1025,67,285.93,291.15,2.1,270,72,803,Clouds,broken clouds,04n
Count: 168,200,2802985,0.005303361,168,1586206800,287.62,285.57,1025,76,286.15,288.71,3.1,230,72,803,Clouds,broken clouds,04n
Count: 168,200,2802985,0.005303361,168,1586210400,287.28,285.81,1027,82,286.15,288.15,2.6,260,72,803,Clouds,broken clouds,04n
Count: 168,200,2802985,0.005303361,168,1586214000,286.85,285.56,1027,81,285.15,288.15,2.1,260,40,802,Clouds,scattered clouds,03n
Count: 168,200,2802985,0.005303361,168,1586217600,286.33,284.65,1027,76,284.82,287.59,2.1,240,86,500,Rain,light rain,10n
Count: 168,200,2802985,0.005303361,168,1586221200,285.48,284.6,1028,81,282.59,287.15,1.0,0,78,500,Rain,light rain,10n
Count: 168,200,2802985,0.005303361,168,1586224800,284.31,283.06,1028,87,280.93,285.93,1.5,310,65,803,Clouds,broken clouds,04n
Count: 168,200,2802985,0.005303361,168,1586228400,283.04,282.18,1028,87,279.82,285.37,0.5,260,65,803,Clouds,broken clouds,04n
Count: 168,200,2802985,0.005303361,168,1586232000,281.9,280.79,1029,87,279.26,284.15,0.5,0,65,803,Clouds,broken clouds,04n
Count: 168,200,2802985,0.005303361,168,1586235600,281.26,280.22,1029,93,279.26,283.71,0.5,0,49,741,Fog,fog,50d
Count: 168,200,2802985,0.005303361,168,1586239200,281.57,280.25,1030,93,279.15,283.71,1.0,20,49,802,Clouds,scattered clouds,03d
Count: 168,200,2802985,0.005303361,168,1586242800,283.81,282.02,1030,87,280.15,285.93,2.1,40,49,802,Clouds,scattered clouds,03d
Count: 168,200,2802985,0.005303361,168,1586246400,286.2,283.74,1031,82,283.71,287.59,3.6,50,87,804,Clouds,overcast clouds,04d
Count: 168,200,2802985,0.005303361,168,1586250000,287.85,285.52,1031,76,285.93,289.26,3.6,60,87,804,Clouds,overcast clouds,04d
Count: 168,200,2802985,0.005303361,168,1586253600,289.24,287.21,1031,63,287.15,290.93,2.6,50,87,804,Clouds,overcast clouds,04d
Count: 168,200,2802985,0.005303361,168,1586257200,290.85,288.88,1030,63,289.15,292.59,3.1,60,81,500,Rain,light rain,10d
Count: 168,200,2802985,0.005303361,168,1586260800,291.83,289.49,1030,59,290.15,293.71,3.6,50,81,500,Rain,light rain,10d
Count: 168,200,2802985,0.005303361,168,1586264400,292.56,290.12,1030,55,290.15,294.26,3.6,50,99,804,Clouds,overcast clouds,04d
Count: 168,200,2802985,0.005303361,168,1586268000,293.34,290.17,1029,52,292.15,294.26,4.6,90,58,803,Clouds,broken clouds,04d
Count: 168,200,2802985,0.005303361,168,1586271600,293.65,290.91,1028,52,292.15,294.82,4.1,40,58,803,Clouds,broken clouds,04d
Count: 168,200,2802985,0.005303361,168,1586275200,293.47,290.68,1028,52,292.59,294.82,4.1,80,58,803,Clouds,broken clouds,04d
Count: 168,200,2802985,0.005303361,168,1586278800,292.94,290.14,1028,49,292.04,293.71,3.6,60,53,500,Rain,light rain,10d
Count: 168,200,2802985,0.005303361,168,1586282400,291.36,288.63,1027,55,289.15,293.15,3.6,50,53,500,Rain,light rain,10d
Count: 168,200,2802985,0.005303361,168,1586286000,289.63,288.05,1028,63,287.04,291.15,2.1,70,53,500,Rain,light rain,10n
Count: 168,200,2802985,0.005303361,168,1586289600,288.39,284.71,1027,62,285.93,290.15,4.6,60,87,804,Clouds,overcast clouds,04n
Count: 168,200,2802985,0.005303361,168,1586293200,287.3,284.2,1027,71,285.37,289.26,4.1,70,87,804,Clouds,overcast clouds,04n
Count: 168,200,2802985,0.005921066,168,1586296800,286.29,283.36,1027,58,284.15,288.15,2.6,110,87,804,Clouds,overcast clouds,04n
Count: 168,200,2802985,0.005921066,168,1586300400,284.99,282.23,1027,67,281.48,287.15,2.6,130,76,803,Clouds,broken clouds,04n
Count: 168,200,2802985,0.005921066,168,1586304000,284.45,282.53,1027,71,280.93,287.15,1.5,100,76,803,Clouds,broken clouds,04n
Count: 168,200,2802985,0.005921066,168,1586307600,284.6,282.29,1026,71,282.04,287.15,2.1,150,53,803,Clouds,broken clouds,04n
Count: 168,200,2802985,0.005921066,168,1586311200,283.7,281.98,1026,71,280.37,287.15,1.0,0,100,804,Clouds,overcast clouds,04n
Count: 168,200,2802985,0.005921066,168,1586314800,283.24,280.86,1025,76,280.15,287.15,2.1,140,100,804,Clouds,overcast clouds,04n
Count: 168,200,2802985,0.005921066,168,1586318400,282.32,281.53,1025,93,280.15,284.15,0.5,0,100,701,Mist,mist,50n
Count: 168,200,2802985,0.005921066,168,1586322000,282.29,278.14,1025,62,279.15,286.15,3.6,150,83,803,Clouds,broken clouds,04d
Count: 168,200,2802985,0.005921066,168,1586325600,283.0,281.34,1025,76,280.15,286.15,1.0,140,83,803,Clouds,broken clouds,04d
Count: 168,200,2802985,0.005921066,168,1586329200,285.35,283.97,1025,71,283.15,288.15,1.0,140,83,803,Clouds,broken clouds,04d
Count: 168,200,2802985,0.005921066,168,1586332800,288.46,287.66,1025,62,286.15,290.93,0.5,0,0,800,Clear,clear sky,01d
Count: 168,200,2802985,0.005921066,168,1586336400,291.72,288.86,1025,42,288.15,294.82,2.6,170,0,800,Clear,clear sky,01d
Count: 168,200,2802985,0.005921066,168,1586340000,293.77,290.75,1025,35,292.04,295.37,2.6,200,0,800,Clear,clear sky,01d
Count: 168,200,2802985,0.005921066,168,1586343600,296.31,294.48,1024,27,294.15,298.15,0.5,0,0,800,Clear,clear sky,01d
Count: 168,200,2802985,0.005921066,168,1586347200,296.58,293.7,1024,31,294.26,298.71,2.6,20,0,800,Clear,clear sky,01d
Count: 168,200,2802985,0.005921066,168,1586350800,297.25,294.84,1023,31,295.93,299.26,2.1,0,0,800,Clear,clear sky,01d
Count: 168,200,2802985,0.005921066,168,1586354400,297.15,294.08,1023,28,295.15,298.15,2.6,280,48,802,Clouds,scattered clouds,03d
Count: 168,200,2802985,0.005921066,168,1586358000,296.97,294.35,1023,25,294.15,298.15,1.5,0,48,802,Clouds,scattered clouds,03d
Count: 168,200,2802985,0.005921066,168,1586361600,296.68,293.63,1022,29,293.71,298.15,2.6,40,48,802,Clouds,scattered clouds,03d
Count: 168,200,2802985,0.005921066,168,1586365200,295.98,292.91,1022,30,294.26,298.15,2.6,350,74,803,Clouds,broken clouds,04d
Count: 168,200,2802985,0.005921066,168,1586368800,293.66,290.89,1022,34,290.37,296.48,2.1,30,74,803,Clouds,broken clouds,04d
Count: 168,200,2802985,0.005921066,168,1586372400,290.61,288.47,1022,39,288.15,293.15,1.0,40,74,803,Clouds,broken clouds,04n
Count: 168,200,2802985,0.005921066,168,1586376000,288.73,287.64,1024,62,285.15,292.15,1.0,0,62,803,Clouds,broken clouds,04n
Count: 168,200,2802985,0.005921066,168,1586379600,287.39,286.36,1023,62,284.82,291.15,0.5,160,62,803,Clouds,broken clouds,04n
Count: 168,200,2802985,0.005921066,168,1586383200,286.34,285.54,1024,71,283.15,289.26,0.5,0,62,803,Clouds,broken clouds,04n
Count: 168,200,2802985,0.005921066,168,1586386800,285.73,284.44,1023,71,284.15,288.15,1.0,0,57,803,Clouds,broken clouds,04n
Count: 168,200,2802985,0.005921066,168,1586390400,285.09,283.41,1023,58,283.15,287.15,0.5,340,57,803,Clouds,broken clouds,04n
Count: 168,200,2802985,0.005921066,168,1586394000,284.37,282.92,1022,66,283.15,287.15,0.5,0,67,803,Clouds,broken clouds,04n
Count: 168,200,2802985,0.005921066,168,1586397600,283.76,282.19,1022,66,282.15,286.15,0.5,0,75,803,Clouds,broken clouds,04n
Count: 168,200,2802985,0.005921066,168,1586401200,283.13,281.1,1022,66,281.15,284.82,1.0,360,75,803,Clouds,broken clouds,04n
Count: 168,200,2802985,0.005921066,168,1586404800,283.2,280.85,1023,58,281.15,286.15,1.0,0,75,803,Clouds,broken clouds,04n
Count: 168,200,2802985,0.005921066,168,1586408400,282.55,280.45,1023,58,280.15,285.15,0.5,0,73,803,Clouds,broken clouds,04d
Count: 168,200,2802985,0.005921066,168,1586412000,282.98,280.29,1023,87,280.15,284.82,3.1,30,73,803,Clouds,broken clouds,04d
Count: 168,200,2802985,0.005921066,168,1586415600,285.12,282.68,1024,81,283.15,287.04,3.1,30,73,803,Clouds,broken clouds,04d
Count: 168,200,2802985,0.005921066,168,1586419200,287.55,285.22,1024,71,285.15,289.26,3.1,100,5,800,Clear,clear sky,01d
Count: 168,200,2802985,0.005921066,168,1586422800,290.27,288.85,1025,63,288.15,292.04,2.1,40,5,800,Clear,clear sky,01d
Count: 168,200,2802985,0.005921066,168,1586426400,291.78,289.07,1025,39,290.15,293.15,2.1,50,5,800,Clear,clear sky,01d
Count: 168,200,2802985,0.005921066,168,1586430000,293.46,290.67,1025,52,292.04,295.37,4.1,30,17,801,Clouds,few clouds,02d
Count: 168,200,2802985,0.005921066,168,1586433600,294.3,292.88,1024,49,293.15,295.37,2.1,0,17,801,Clouds,few clouds,02d
Count: 168,200,2802985,0.005921066,168,1586437200,294.85,292.17,1024,49,293.15,295.93,4.1,350,5,800,Clear,clear sky,01d
Count: 168,200,2802985,0.005921066,168,1586440800,294.98,291.2,1024,40,294.15,295.93,4.6,10,11,801,Clouds,few clouds,02d
Count: 168,200,2802985,0.005921066,168,1586444400,294.74,290.56,1024,40,293.71,295.93,5.1,30,11,801,Clouds,few clouds,02d
Count: 168,200,2802985,0.005921066,168,1586448000,294.13,289.57,1024,42,293.15,295.37,5.7,40,11,801,Clouds,few clouds,02d
Count: 168,200,2802985,0.005921066,168,1586451600,293.22,288.48,1024,42,292.04,294.82,5.7,40,6,800,Clear,clear sky,01d
Count: 168,200,2802985,0.005921066,168,1586455200,291.41,286.18,1024,45,289.82,292.59,6.2,20,6,800,Clear,clear sky,01d
Count: 168,200,2802985,0.005921066,168,1586458800,289.37,285.25,1025,51,287.04,291.15,4.6,30,6,800,Clear,clear sky,01n
Count: 168,200,2802985,0.005921066,168,1586462400,287.15,284.24,1025,62,285.15,289.26,3.1,40,0,800,Clear,clear sky,01n
Count: 168,200,2802985,0.005921066,168,1586466000,286.4,283.34,1025,62,284.15,288.15,3.1,40,0,800,Clear,clear sky,01n
Count: 168,200,2802985,0.005921066,168,1586469600,285.83,283.01,1026,62,283.71,287.04,2.6,30,0,800,Clear,clear sky,01n
Count: 168,200,2802985,0.005921066,168,1586473200,285.14,281.67,1026,66,283.71,286.48,3.6,50,11,801,Clouds,few clouds,02n
Count: 168,200,2802985,0.005921066,168,1586476800,283.78,281.03,1025,81,281.15,285.93,3.1,50,11,801,Clouds,few clouds,02n
Count: 168,200,2802985,0.005921066,168,1586480400,283.37,281.12,1025,87,280.93,284.82,2.6,40,8,800,Clear,clear sky,01n
Count: 168,200,2802985,0.005921066,168,1586484000,282.59,279.81,1025,87,279.82,284.82,3.1,40,35,802,Clouds,scattered clouds,03n
Count: 168,200,2802985,0.005921066,168,1586487600,281.68,278.48,1025,81,278.71,283.71,3.1,50,35,802,Clouds,scattered clouds,03n
Count: 168,200,2802985,0.005921066,168,1586491200,281.22,278.28,1025,81,278.71,283.15,2.6,60,35,802,Clouds,scattered clouds,03n
Count: 168,200,2802985,0.005921066,168,1586494800,280.75,278.49,1025,81,278.15,282.59,1.5,80,18,801,Clouds,few clouds,02d
Count: 168,200,2802985,0.005921066,168,1586498400,281.43,277.83,1025,81,278.15,284.26,3.6,50,18,801,Clouds,few clouds,02d
Count: 168,200,2802985,0.005921066,168,1586502000,283.62,280.62,1026,76,280.93,285.93,3.1,60,18,801,Clouds,few clouds,02d
Count: 168,200,2802985,0.005921066,168,1586505600,286.29,283.65,1026,71,284.15,287.59,3.1,30,4,800,Clear,clear sky,01d
Count: 168,200,2802985,0.005921066,168,1586509200,288.78,285.54,1026,62,287.04,290.93,4.1,50,4,800,Clear,clear sky,01d
Count: 168,200,2802985,0.005921066,168,1586512800,290.36,287.05,1026,55,289.15,292.04,4.1,30,4,800,Clear,clear sky,01d
Count: 168,200,2802985,0.005921066,168,1586516400,292.32,288.26,1025,48,291.15,293.71,5.1,50,2,800,Clear,clear sky,01d
Count: 168,200,2802985,0.005921066,168,1586520000,293.45,289.17,1025,42,292.15,295.37,5.1,60,2,800,Clear,clear sky,01d
Count: 168,200,2802985,0.005921066,168,1586523600,293.67,288.67,1024,42,292.15,294.82,6.2,50,2,800,Clear,clear sky,01d
Count: 168,200,2802985,0.005921066,168,1586527200,293.9,289.62,1024,46,293.15,294.82,5.7,50,30,802,Clouds,scattered clouds,03d
Count: 168,200,2802985,0.005921066,168,1586530800,293.59,288.76,1024,40,292.59,295.37,5.7,60,30,802,Clouds,scattered clouds,03d
Count: 168,200,2802985,0.005921066,168,1586534400,293.14,288.03,1023,42,292.04,294.82,6.2,50,30,802,Clouds,scattered clouds,03d
Count: 168,200,2802985,0.005921066,168,1586538000,292.11,286.93,1023,39,290.93,293.15,5.7,50,34,802,Clouds,scattered clouds,03d
Count: 168,200,2802985,0.005921066,168,1586541600,290.52,285.89,1023,45,289.26,292.04,5.1,50,34,802,Clouds,scattered clouds,03d
Count: 168,200,2802985,0.005921066,168,1586545200,288.35,284.03,1024,51,286.15,290.15,4.6,40,34,802,Clouds,scattered clouds,03n
Count: 168,200,2802985,0.005921066,168,1586548800,286.35,282.18,1024,54,284.15,288.15,4.1,40,6,800,Clear,clear sky,01n
Count: 168,200,2802985,0.005921066,168,1586552400,285.41,281.43,1025,54,283.71,287.04,3.6,50,6,800,Clear,clear sky,01n
Count: 168,200,2802985,0.005921066,168,1586556000,284.02,279.77,1025,61,282.04,286.15,4.1,40,6,800,Clear,clear sky,01n
Count: 168,200,2802985,0.005921066,168,1586559600,283.18,278.97,1025,57,281.48,285.37,3.6,60,37,802,Clouds,scattered clouds,03n
Count: 168,200,2802985,0.005921066,168,1586563200,282.18,277.97,1025,61,280.93,284.15,3.6,50,37,802,Clouds,scattered clouds,03n
Count: 168,200,2802985,0.005921066,168,1586566800,281.3,277.45,1024,65,279.82,283.15,3.1,70,11,801,Clouds,few clouds,02n
Count: 168,200,2802985,0.005921066,168,1586570400,280.43,276.1,1024,65,278.71,282.15,3.6,70,0,800,Clear,clear sky,01n
Count: 168,200,2802985,0.005921066,168,1586574000,280.21,275.36,1024,61,278.15,282.15,4.1,80,0,800,Clear,clear sky,01n
Count: 168,200,2802985,0.005921066,168,1586577600,279.76,276.12,1024,57,277.15,282.15,2.1,110,0,800,Clear,clear sky,01n
Count: 168,200,2802985,0.005921066,168,1586581200,279.18,275.68,1024,75,277.15,280.93,2.6,70,0,800,Clear,clear sky,01d
Count: 168,200,2802985,0.005921066,168,1586584800,280.23,276.09,1024,61,277.15,282.15,3.1,70,0,800,Clear,clear sky,01d
Count: 168,200,2802985,0.005921066,168,1586588400,282.85,278.59,1024,57,280.37,284.82,3.6,80,0,800,Clear,clear sky,01d
Count: 168,200,2802985,0.005921066,168,1586592000,286.25,283.11,1024,54,284.15,287.59,2.6,80,0,800,Clear,clear sky,01d
Count: 168,200,2802985,0.005921066,168,1586595600,289.21,286.27,1024,48,287.15,290.37,2.6,30,0,800,Clear,clear sky,01d
Count: 168,200,2802985,0.005921066,168,1586599200,290.9,288.04,1023,39,289.15,292.15,2.1,180,0,800,Clear,clear sky,01d
Count: 168,200,2802985,0.005921066,168,1586602800,292.77,290.68,1023,45,290.93,294.26,2.1,70,0,800,Clear,clear sky,01d
Count: 168,200,2802985,0.005921066,168,1586606400,294.08,291.68,1022,42,292.59,295.93,2.6,50,0,800,Clear,clear sky,01d
Count: 168,200,2802985,0.005921066,168,1586610000,294.79,292.89,1022,37,293.15,296.48,1.5,0,2,800,Clear,clear sky,01d
Count: 168,200,2802985,0.005921066,168,1586613600,295.81,293.93,1021,35,294.26,298.15,1.5,0,98,500,Rain,light rain,10d
Count: 168,200,2802985,0.005921066,168,1586617200,296.12,294.65,1020,35,295.15,297.59,1.0,0,98,500,Rain,light rain,10d
Count: 168,200,2802985,0.005921066,168,1586620800,295.97,293.18,1020,37,295.15,297.59,3.1,360,98,500,Rain,light rain,10d
Count: 168,200,2802985,0.005921066,168,1586624400,295.35,292.79,1020,37,294.15,297.15,2.6,360,96,500,Rain,light rain,10d
Count: 168,200,2802985,0.005921066,168,1586628000,293.56,291.29,1020,45,291.48,295.93,2.6,50,96,500,Rain,light rain,10d
Count: 168,200,2802985,0.005921066,168,1586631600,290.59,288.84,1020,45,288.15,293.15,1.0,70,96,500,Rain,light rain,10n
Count: 168,200,2802985,0.005921066,168,1586635200,288.28,286.65,1020,48,285.15,291.15,0.5,0,48,802,Clouds,scattered clouds,03n
Count: 168,200,2802985,0.005921066,168,1586638800,286.84,284.57,1020,62,284.26,289.15,2.1,340,48,802,Clouds,scattered clouds,03n
Count: 168,200,2802985,0.005921066,168,1586642400,286.07,283.45,1020,58,283.15,289.15,2.1,220,48,802,Clouds,scattered clouds,03n
Count: 168,200,2802985,0.005921066,168,1586646000,285.25,282.9,1020,58,282.59,288.15,1.5,250,41,802,Clouds,scattered clouds,03n
Count: 168,200,2802985,0.005921066,168,1586649600,284.38,282.45,1019,71,281.48,285.93,1.5,200,41,802,Clouds,scattered clouds,03n
Count: 168,200,2802985,0.005921066,168,1586653200,283.75,280.64,1019,81,280.93,286.15,3.6,200,48,802,Clouds,scattered clouds,03n
Count: 168,200,2802985,0.005921066,168,1586656800,283.13,279.88,1018,81,280.37,286.15,3.6,200,0,800,Clear,clear sky,01n
Count: 168,200,2802985,0.005921066,168,1586660400,282.9,279.49,1018,87,280.15,285.37,4.1,220,0,800,Clear,clear sky,01n
Count: 168,200,2802985,0.005921066,168,1586664000,282.4,279.31,1018,71,279.15,284.26,2.6,170,0,800,Clear,clear sky,01n
Count: 168,200,2802985,0.005921066,168,1586667600,281.8,278.25,1018,71,278.15,284.15,3.1,160,1,800,Clear,clear sky,01d
Count: 168,200,2802985,0.005921066,168,1586671200,282.52,279.14,1017,81,278.71,285.37,3.6,200,1,800,Clear,clear sky,01d
Count: 168,200,2802985,0.005921066,168,1586674800,284.94,281.88,1017,76,282.15,287.04,3.6,210,1,800,Clear,clear sky,01d
Count: 168,200,2802985,0.005921066,168,1586678400,289.14,287.03,1017,62,286.15,292.04,2.6,210,0,800,Clear,clear sky,01d
Count: 168,200,2802985,0.005921066,168,1586682000,291.62,289.51,1017,48,289.15,293.15,2.1,210,0,800,Clear,clear sky,01d
Count: 168,200,2802985,0.005921066,168,1586685600,292.71,290.61,1016,45,290.93,294.26,2.1,210,0,800,Clear,clear sky,01d
Count: 168,200,2802985,0.005921066,168,1586689200,294.51,291.09,1016,37,292.59,295.93,3.6,230,20,801,Clouds,few clouds,02d
Count: 168,200,2802985,0.005921066,168,1586692800,295.58,292.36,1015,37,293.71,297.04,3.6,240,0,800,Clear,clear sky,01d
Count: 168,200,2802985,0.005921066,168,1586696400,296.07,292.77,1014,35,293.15,297.59,3.6,230,0,800,Clear,clear sky,01d
Count: 168,200,2802985,0.005921066,168,1586700000,296.01,291.63,1014,31,293.71,298.15,4.6,230,23,801,Clouds,few clouds,02d
Count: 168,200,2802985,0.005921066,168,1586703600,295.63,292.67,1013,28,293.15,297.59,2.1,0,23,801,Clouds,few clouds,02d
Count: 168,200,2802985,0.005921066,168,1586707200,295.09,291.87,1013,30,293.71,296.48,2.6,270,23,801,Clouds,few clouds,02d
Count: 168,200,2802985,0.005921066,168,1586710800,293.64,290.64,1013,40,290.93,294.82,3.1,340,20,801,Clouds,few clouds,02d
Count: 168,200,2802985,0.005921066,168,1586714400,291.76,287.72,1013,45,289.82,293.71,4.6,10,51,803,Clouds,broken clouds,04d
Count: 168,200,2802985,0.005921066,168,1586718000,289.88,287.26,1013,51,287.59,292.15,2.6,120,51,803,Clouds,broken clouds,04n
Count: 168,200,2802985,0.005921066,168,1586721600,287.83,284.63,1013,54,284.82,290.37,3.1,100,28,802,Clouds,scattered clouds,03n
Count: 168,200,2802985,0.005921066,168,1586725200,286.86,285.14,1013,51,283.71,289.26,0.5,0,28,802,Clouds,scattered clouds,03n
Count: 168,200,2802985,0.005921066,168,1586728800,285.84,282.14,1014,51,282.59,288.15,3.1,150,28,802,Clouds,scattered clouds,03n
Count: 168,200,2802985,0.005921066,168,1586732400,284.39,281.29,1014,62,281.48,287.15,2.6,240,62,803,Clouds,broken clouds,04n
Count: 168,200,2802985,0.005921066,168,1586736000,283.81,281.34,1013,71,280.93,285.37,2.1,250,62,803,Clouds,broken clouds,04n
Count: 168,200,2802985,0.005921066,168,1586739600,283.86,282.73,1013,76,281.48,286.15,0.5,0,15,801,Clouds,few clouds,02n
Count: 168,200,2802985,0.005921066,168,1586743200,284.05,282.61,1014,76,281.15,285.93,1.0,0,20,801,Clouds,few clouds,02n
Count: 168,200,2802985,0.005921066,168,1586746800,283.92,279.03,1014,81,281.48,285.37,6.2,20,20,801,Clouds,few clouds,02n
Count: 168,200,2802985,0.005921066,168,1586750400,283.14,279.69,1015,76,281.48,284.82,3.6,20,9,800,Clear,clear sky,01n
Count: 168,200,2802985,0.005921066,168,1586754000,282.02,279.59,1016,81,280.15,284.15,2.1,300,37,802,Clouds,scattered clouds,03d
Count: 168,200,2802985,0.005921066,168,1586757600,281.39,276.18,1018,87,279.82,282.59,6.2,30,75,500,Rain,light rain,10d
Count: 168,200,2802985,0.005921066,168,1586761200,281.09,275.6,1019,81,279.15,282.59,6.2,40,90,804,Clouds,overcast clouds,04d
Count: 168,200,2802985,0.005921066,168,1586764800,281.09,274.9,1020,81,280.15,282.59,7.2,30,90,804,Clouds,overcast clouds,04d
Count: 168,200,2802985,0.005921066,168,1586768400,280.78,274.74,1021,87,279.15,282.59,7.2,40,90,500,Rain,light rain,10d
Count: 168,200,2802985,0.005921066,168,1586772000,280.97,274.55,1021,75,279.82,282.04,7.2,20,75,803,Clouds,broken clouds,04d
Count: 168,200,2802985,0.005921066,168,1586775600,281.61,274.94,1022,65,279.82,283.71,7.2,10,75,803,Clouds,broken clouds,04d
Count: 168,200,2802985,0.005921066,168,1586779200,282.66,276.2,1022,57,280.15,284.26,6.7,30,75,803,Clouds,broken clouds,04d
Count: 168,200,2802985,0.005921066,168,1586782800,283.67,276.56,1022,46,282.04,285.37,7.2,30,20,801,Clouds,few clouds,02d
Count: 168,200,2802985,0.005921066,168,1586786400,284.1,277.04,1022,46,283.15,285.93,7.2,10,100,804,Clouds,overcast clouds,04d
Count: 168,200,2802985,0.005921066,168,1586790000,284.36,277.56,1022,43,283.15,285.93,6.7,20,100,804,Clouds,overcast clouds,04d
Count: 168,200,2802985,0.005921066,168,1586793600,283.83,276.71,1022,37,283.15,285.37,6.7,30,100,804,Clouds,overcast clouds,04d
Count: 168,200,2802985,0.005921066,168,1586797200,282.96,275.01,1022,36,282.04,284.26,7.7,40,52,803,Clouds,broken clouds,04d
Count: 168,200,2802985,0.005921066,168,1586800800,281.59,274.89,1022,45,280.37,283.15,6.2,20,52,803,Clouds,broken clouds,04d
Count: 168,200,2802985,0.005921066,168,1586804400,280.28,273.89,1023,48,279.15,282.59,5.7,20,52,803,Clouds,broken clouds,04n
Count: 168,200,2802985,0.005921066,168,1586808000,279.06,272.31,1024,52,277.59,280.93,6.2,30,0,800,Clear,clear sky,01n
Count: 168,200,2802985,0.005921066,168,1586811600,278.17,271.79,1024,56,275.93,279.82,5.7,20,0,800,Clear,clear sky,01n
Count: 168,200,2802985,0.005921066,168,1586815200,277.29,271.72,1025,48,275.37,278.71,4.1,20,0,800,Clear,clear sky,01n
Count: 168,200,2802985,0.005921066,168,1586818800,276.68,271.24,1026,55,274.82,277.59,4.1,10,0,800,Clear,clear sky,01n
Count: 168,200,2802985,0.005921066,168,1586822400,276.11,271.18,1026,64,274.15,278.15,3.6,20,0,800,Clear,clear sky,01n
Count: 168,200,2802985,0.005921066,168,1586826000,275.83,271.7,1026,69,273.71,278.15,2.6,10,20,801,Clouds,few clouds,02n
Count: 168,200,2802985,0.005921066,168,1586829600,276.4,272.46,1026,60,273.15,278.15,2.1,350,90,804,Clouds,overcast clouds,04n
Count: 168,200,2802985,0.005921066,168,1586833200,277.15,272.37,1026,52,275.15,278.71,3.1,20,90,804,Clouds,overcast clouds,04n
Count: 168,200,2802985,0.005921066,168,1586836800,277.22,272.53,1026,55,274.82,278.71,3.1,20,75,803,Clouds,broken clouds,04n
Count: 168,200,2802985,0.005921066,168,1586840400,277.84,273.11,1026,51,275.93,278.71,3.1,30,75,803,Clouds,broken clouds,04d
Count: 168,200,2802985,0.005921066,168,1586844000,278.09,273.99,1026,60,275.37,279.82,2.6,20,90,804,Clouds,overcast clouds,04d
Count: 168,200,2802985,0.005921066,168,1586847600,278.79,273.99,1026,69,278.15,280.93,4.1,340,90,804,Clouds,overcast clouds,04d
Count: 168,200,2802985,0.005921066,168,1586851200,279.56,274.78,1027,55,278.71,280.93,3.6,350,90,804,Clouds,overcast clouds,04d
Count: 168,200,2802985,0.005921066,168,1586854800,280.03,274.64,1027,56,278.15,280.93,4.6,20,90,804,Clouds,overcast clouds,04d
Count: 168,200,2802985,0.005921066,168,1586858400,280.9,275.59,1027,55,279.82,282.59,4.6,50,90,804,Clouds,overcast clouds,04d
Count: 168,200,2802985,0.005921066,168,1586862000,281.46,276.67,1027,48,280.15,283.15,3.6,50,75,803,Clouds,broken clouds,04d
Count: 168,200,2802985,0.005921066,168,1586865600,282.12,277.56,1027,52,280.15,284.26,3.6,50,90,804,Clouds,overcast clouds,04d
Count: 168,200,2802985,0.005921066,168,1586869200,282.62,278.36,1026,49,282.04,283.71,3.1,10,90,804,Clouds,overcast clouds,04d
Count: 168,200,2802985,0.005921066,168,1586872800,283.38,280.51,1026,53,282.04,285.37,1.5,0,75,803,Clouds,broken clouds,04d
Count: 168,200,2802985,0.005921066,168,1586876400,283.46,279.66,1026,49,282.04,285.37,2.6,10,90,804,Clouds,overcast clouds,04d
Count: 168,200,2802985,0.005921066,168,1586880000,283.34,279.24,1026,42,282.15,284.26,2.6,40,20,801,Clouds,few clouds,02d
Count: 168,200,2802985,0.005921066,168,1586883600,283.13,278.43,1026,45,282.04,284.82,3.6,30,20,801,Clouds,few clouds,02d
Count: 168,200,2802985,0.005921066,168,1586887200,282.06,278.55,1025,52,280.93,284.15,2.1,20,0,800,Clear,clear sky,01d
Count: 168,200,2802985,0.005921066,168,1586890800,280.49,277.33,1026,56,278.15,283.15,1.5,350,0,800,Clear,clear sky,01n
Count: 168,200,2802985,0.005921066,168,1586894400,278.66,275.4,1026,60,275.93,280.93,1.5,360,0,800,Clear,clear sky,01n
Count: 168,200,2802985,0.005921066,168,1586898000,277.58,274.33,1026,65,275.37,279.82,1.5,20,0,800,Clear,clear sky,01n
Count: 168,200,2802985,0.005461294,168,1586901600,276.55,272.62,1026,60,274.26,278.71,2.1,70,0,800,Clear,clear sky,01n
Count: 168,200,2802985,0.005461294,168,1586905200,275.69,271.32,1026,60,272.59,278.15,2.6,70,7,800,Clear,clear sky,01n
Count: 168,200,2802985,0.005461294,168,1586908800,275.19,271.12,1025,60,272.59,278.15,2.1,130,7,800,Clear,clear sky,01n
Count: 168,200,2802985,0.005461294,168,1586912400,274.74,270.94,1025,74,272.04,277.15,2.1,100,7,800,Clear,clear sky,01n
Count: 168,200,2802985,0.005461294,168,1586916000,274.32,270.89,1025,74,272.04,276.48,1.5,90,67,803,Clouds,broken clouds,04n
Count: 168,200,2802985,0.005461294,168,1586919600,273.99,270.87,1025,74,272.04,275.93,1.0,100,67,803,Clouds,broken clouds,04n
Count: 168,200,2802985,0.005461294,168,1586923200,273.83,269.23,1024,74,272.15,275.93,3.1,130,67,803,Clouds,broken clouds,04n
Count: 168,200,2802985,0.005461294,168,1586926800,273.77,270.17,1025,69,272.04,276.15,1.5,100,68,803,Clouds,broken clouds,04d
Count: 168,200,2802985,0.005461294,168,1586930400,274.9,271.26,1025,80,272.15,277.04,2.1,100,68,803,Clouds,broken clouds,04d
Count: 168,200,2802985,0.005461294,168,1586934000,277.88,274.53,1025,75,275.15,279.82,2.1,110,68,803,Clouds,broken clouds,04d
Count: 168,200,2802985,0.005461294,168,1586937600,281.48,277.21,1025,43,278.71,283.71,2.6,100,82,803,Clouds,broken clouds,04d
Count: 168,200,2802985,0.005461294,168,1586941200,284.03,280.05,1025,43,282.15,285.37,2.6,100,82,803,Clouds,broken clouds,04d
Count: 168,200,2802985,0.005461294,168,1586944800,285.39,282.22,1024,40,284.15,287.04,1.5,80,82,803,Clouds,broken clouds,04d
Count: 168,200,2802985,0.005461294,168,1586948400,287.0,283.46,1024,37,285.15,288.71,2.1,20,85,804,Clouds,overcast clouds,04d
Count: 168,200,2802985,0.005461294,168,1586952000,288.32,283.72,1023,40,287.15,289.26,4.1,40,85,804,Clouds,overcast clouds,04d
Count: 168,200,2802985,0.005461294,168,1586955600,289.62,285.67,1022,36,288.15,290.93,3.1,60,0,800,Clear,clear sky,01d
Count: 168,200,2802985,0.005461294,168,1586959200,290.56,287.1,1022,36,289.15,291.48,2.6,70,0,800,Clear,clear sky,01d
Count: 168,200,2802985,0.005461294,168,1586962800,291.05,287.31,1021,36,290.15,292.59,3.1,50,0,800,Clear,clear sky,01d
Count: 168,200,2802985,0.005461294,168,1586966400,291.15,286.73,1021,36,290.15,292.04,4.1,40,0,800,Clear,clear sky,01d
Count: 168,200,2802985,0.005461294,168,1586970000,290.89,286.78,1020,36,289.26,292.59,3.6,60,0,800,Clear,clear sky,01d
Count: 168,200,2802985,0.005461294,168,1586973600,289.45,285.97,1020,44,287.59,291.48,3.1,50,0,800,Clear,clear sky,01d
Count: 168,200,2802985,0.005461294,168,1586977200,287.0,282.93,1019,47,284.82,289.15,3.6,60,0,800,Clear,clear sky,01n
Count: 168,200,2802985,0.005461294,168,1586980800,285.22,281.23,1020,47,282.59,286.48,3.1,80,75,803,Clouds,broken clouds,04n
Count: 168,200,2802985,0.005461294,168,1586984400,283.82,279.89,1019,53,281.48,286.15,3.1,70,75,803,Clouds,broken clouds,04n
Count: 168,200,2802985,0.005461294,168,1586988000,282.4,279.58,1019,58,279.26,285.15,1.5,70,75,803,Clouds,broken clouds,04n
Count: 168,200,2802985,0.005461294,168,1586991600,281.81,277.34,1019,46,278.15,285.15,3.1,150,44,802,Clouds,scattered clouds,03n
Count: 168,200,2802985,0.005461294,168,1586995200,281.04,278.48,1018,61,277.59,284.15,1.0,120,44,802,Clouds,scattered clouds,03n
Count: 168,200,2802985,0.005461294,168,1586998800,280.18,277.8,1018,70,278.71,283.15,1.0,150,44,802,Clouds,scattered clouds,03n
Count: 168,200,2802985,0.005461294,168,1587002400,279.47,276.82,1018,65,277.04,281.48,1.0,150,94,804,Clouds,overcast clouds,04n
Count: 168,200,2802985,0.005461294,168,1587006000,279.1,276.21,1017,59,276.48,281.48,1.0,110,92,804,Clouds,overcast clouds,04n
Count: 168,200,2802985,0.005461294,168,1587009600,278.69,276.23,1017,75,276.15,280.93,1.0,0,94,804,Clouds,overcast clouds,04n
Count: 168,200,2802985,0.005461294,168,1587013200,278.52,276.18,1017,68,275.15,280.93,0.5,0,75,803,Clouds,broken clouds,04d
Count: 168,200,2802985,0.005461294,168,1587016800,279.35,276.68,1017,65,276.15,281.48,1.0,140,72,803,Clouds,broken clouds,04d
Count: 168,200,2802985,0.005461294,168,1587020400,283.31,280.84,1017,46,280.15,286.15,0.5,0,72,803,Clouds,broken clouds,04d
Count: 168,200,2802985,0.005461294,168,1587024000,287.63,283.66,1017,47,284.15,290.37,3.6,220,11,801,Clouds,few clouds,02d
Count: 168,200,2802985,0.005461294,168,1587027600,290.22,287.09,1016,42,288.15,292.04,2.6,230,11,801,Clouds,few clouds,02d
Count: 168,200,2802985,0.005461294,168,1587031200,291.14,287.98,1016,34,289.26,293.15,2.1,210,11,801,Clouds,few clouds,02d
Count: 168,200,2802985,0.005461294,168,1587034800,293.7,291.55,1016,32,291.48,295.37,1.0,0,47,802,Clouds,scattered clouds,03d
Count: 168,200,2802985,0.005461294,168,1587038400,294.87,292.56,1016,32,293.15,296.48,1.5,200,47,802,Clouds,scattered clouds,03d
Count: 168,200,2802985,0.005461294,168,1587042000,296.02,292.42,1015,28,294.15,297.59,3.1,190,42,802,Clouds,scattered clouds,03d
Count: 168,200,2802985,0.005461294,168,1587045600,296.52,293.35,1015,28,295.15,297.59,2.6,250,99,804,Clouds,overcast clouds,04d
Count: 168,200,2802985,0.005461294,168,1587049200,296.86,293.14,1014,29,295.37,297.59,3.6,240,99,804,Clouds,overcast clouds,04d
Count: 168,200,2802985,0.005461294,168,1587052800,296.17,291.07,1015,35,293.15,298.15,6.2,230,99,804,Clouds,overcast clouds,04d
Count: 168,200,2802985,0.005461294,168,1587056400,295.12,291.55,1015,42,292.04,298.15,4.6,230,79,500,Rain,light rain,10d
Count: 168,200,2802985,0.005461294,168,1587060000,293.3,289.58,1014,45,290.93,296.15,4.6,240,79,500,Rain,light rain,10d
Count: 168,200,2802985,0.005461294,168,1587063600,291.0,288.76,1015,48,288.15,292.59,2.1,260,79,500,Rain,light rain,10n
Count: 168,200,2802985,0.005461294,168,1587067200,289.25,287.27,1015,51,284.82,293.15,1.5,250,15,500,Rain,light rain,10n
Count: 168,200,2802985,0.005461294,168,1587070800,287.33,285.56,1015,55,283.71,290.37,1.0,0,15,500,Rain,light rain,10n
Count: 168,200,2802985,0.005461294,168,1587074400,286.08,284.58,1016,58,282.59,288.15,0.5,0,15,500,Rain,light rain,10n
Count: 168,200,2802985,0.005461294,168,1587078000,285.25,283.08,1016,62,281.48,287.15,1.5,150,8,800,Clear,clear sky,01n
Count: 168,200,2802985,0.005461294,168,1587081600,284.16,281.98,1016,76,281.48,287.15,2.1,60,8,800,Clear,clear sky,01n
Count: 168,200,2802985,0.005461294,168,1587085200,283.51,280.14,1016,76,280.37,286.15,3.6,50,26,802,Clouds,scattered clouds,03n
Count: 168,200,2802985,0.005461294,168,1587088800,283.01,279.65,1016,70,279.82,284.82,3.1,40,1,800,Clear,clear sky,01n
Count: 168,200,2802985,0.005461294,168,1587092400,282.52,280.19,1016,81,280.15,284.26,2.1,50,1,800,Clear,clear sky,01n
Count: 168,200,2802985,0.005461294,168,1587096000,281.82,279.93,1016,76,280.37,283.71,1.0,0,1,800,Clear,clear sky,01n
Count: 168,200,2802985,0.005461294,168,1587099600,281.21,278.48,1016,87,280.15,282.59,2.6,50,14,801,Clouds,few clouds,02d
Count: 168,200,2802985,0.005461294,168,1587103200,281.62,278.06,1016,81,279.26,283.71,3.6,40,14,801,Clouds,few clouds,02d
Count: 168,200,2802985,0.005461294,168,1587106800,283.44,279.91,1017,81,282.04,284.82,4.1,40,14,801,Clouds,few clouds,02d
Count: 168,200,2802985,0.005461294,168,1587110400,285.24,281.9,1017,76,282.59,288.15,4.1,30,5,800,Clear,clear sky,01d
Count: 168,200,2802985,0.005461294,168,1587114000,287.04,283.88,1017,71,285.15,290.15,4.1,40,5,800,Clear,clear sky,01d
Count: 168,200,2802985,0.005461294,168,1587117600,289.21,286.42,1016,62,287.15,291.15,3.6,50,5,800,Clear,clear sky,01d
Count: 168,200,2802985,0.005461294,168,1587121200,291.09,287.59,1016,55,289.15,293.15,4.6,50,8,800,Clear,clear sky,01d
Count: 168,200,2802985,0.005461294,168,1587124800,292.16,288.35,1016,52,290.15,293.15,5.1,40,8,800,Clear,clear sky,01d
Count: 168,200,2802985,0.005461294,168,1587128400,293.27,289.89,1015,45,291.48,294.26,4.1,60,8,500,Rain,light rain,10d
Count: 168,200,2802985,0.005461294,168,1587132000,294.18,290.59,1015,40,292.15,295.93,4.1,30,37,500,Rain,light rain,10d
Count: 168,200,2802985,0.005461294,168,1587135600,293.15,289.21,1015,17,293.15,293.15,1.79,135,37,500,Rain,light rain,10d
Count: 168,200,2802985,0.005461294,168,1587139200,292.59,288.6,1015,17,292.59,292.59,1.79,135,37,500,Rain,light rain,10d
Count: 168,200,2802985,0.005461294,168,1587142800,292.04,288.71,1015,18,292.04,292.04,0.89,135,38,500,Rain,light rain,10d
Count: 168,200,2802985,0.005461294,168,1587146400,290.37,287.22,1014,18,290.37,290.37,0.45,135,38,500,Rain,light rain,10d
Count: 168,200,2802985,0.005461294,168,1587150000,287.59,282.51,1015,22,287.59,287.59,3.24,49,38,500,Rain,light rain,10n
Count: 168,200,2802985,0.005461294,168,1587153600,285.37,280.8,1015,26,285.37,285.37,2.56,85,76,500,Rain,light rain,10n
Count: 168,200,2802985,0.005461294,168,1587157200,284.26,279.64,1015,27,284.26,284.26,2.56,85,76,500,Rain,light rain,10n
Count: 168,200,2802985,0.005461294,168,1587160800,283.15,278.49,1015,28,283.15,283.15,2.56,85,76,500,Rain,light rain,10n
Count: 168,200,2802985,0.005461294,168,1587164400,282.59,278.72,1014,29,282.59,282.59,1.43,108,69,500,Rain,light rain,10n
Count: 168,200,2802985,0.005461294,168,1587168000,282.04,278.2,1014,31,282.04,282.04,1.43,108,69,500,Rain,light rain,10n
Count: 168,200,2802985,0.005461294,168,1587171600,281.48,277.44,1014,32,281.48,281.48,1.71,93,39,802,Clouds,scattered clouds,03n
Count: 168,200,2802985,0.005461294,168,1587175200,280.93,277.12,1013,33,280.93,280.93,1.37,99,91,804,Clouds,overcast clouds,04n
Count: 168,200,2802985,0.005461294,168,1587178800,280.37,276.55,1013,34,280.37,280.37,1.37,99,91,804,Clouds,overcast clouds,04n
Count: 168,200,2802985,0.005461294,168,1587182400,283.71,281.27,1005,60,283.71,283.71,1.37,99,91,804,Clouds,overcast clouds,04n
Count: 168,200,2802985,0.005461294,168,1587186000,280.93,277.83,1014,38,280.93,280.93,0.6,233,96,804,Clouds,overcast clouds,04d
Count: 168,200,2802985,0.005461294,168,1587189600,283.33,280.53,1014,37,282.04,284.82,0.45,135,96,804,Clouds,overcast clouds,04d
Count: 168,200,2802985,0.005461294,168,1587193200,285.01,282.24,1014,36,283.71,286.48,0.6,233,96,804,Clouds,overcast clouds,04d
Count: 168,200,2802985,0.005461294,168,1587196800,287.3,284.74,1015,33,287.04,287.59,0.45,135,100,500,Rain,light rain,10d
Count: 168,200,2802985,0.005461294,168,1587200400,288.71,286.02,1015,28,288.71,288.71,0.45,135,100,500,Rain,light rain,10d
Count: 168,200,2802985,0.005461294,168,1587204000,285.38,284.38,1015,85,285.38,285.38,1.41,270,100,500,Rain,light rain,10d
Count: 168,200,2802985,0.005461294,168,1587207600,286.41,286.36,1015,84,286.41,286.41,0.38,254,99,500,Rain,light rain,10d
Count: 168,200,2802985,0.005461294,168,1587211200,288.15,285.85,1016,35,288.15,288.15,0.38,254,99,500,Rain,light rain,10d
Count: 168,200,2802985,0.005461294,168,1587214800,288.15,285.77,1016,40,288.15,288.15,0.89,135,99,501,Rain,moderate rain,10d
Count: 168,200,2802985,0.005461294,168,1587218400,289.82,287.75,1016,36,289.82,289.82,0.45,135,77,500,Rain,light rain,10d
Count: 168,200,2802985,0.005461294,168,1587222000,289.52,286.35,1016,34,289.26,289.82,1.79,135,77,500,Rain,light rain,10d
Count: 168,200,2802985,0.005461294,168,1587225600,290.02,286.6,1017,34,289.26,290.93,2.24,135,77,500,Rain,light rain,10d
Count: 168,200,2802985,0.005461294,168,1587229200,289.52,286.17,1017,31,289.26,289.82,1.79,135,66,500,Rain,light rain,10d
Count: 168,200,2802985,0.005461294,168,1587232800,288.93,286.2,1017,32,288.15,289.82,0.89,135,66,500,Rain,light rain,10d
Count: 168,200,2802985,0.005461294,168,1587236400,286.4,283.01,1018,36,285.37,287.59,1.71,342,66,500,Rain,light rain,10n
Count: 168,200,2802985,0.005461294,168,1587240000,283.15,279.85,1017,38,283.15,283.15,1.19,304,76,803,Clouds,broken clouds,04n
Count: 168,200,2802985,0.005461294,168,1587243600,282.04,278.67,1017,39,282.04,282.04,1.19,304,76,803,Clouds,broken clouds,04n
Count: 168,200,2802985,0.005461294,168,1587247200,283.03,279.76,1017,39,281.48,284.82,1.19,304,76,803,Clouds,broken clouds,04n
Count: 168,200,2802985,0.005461294,168,1587250800,280.93,277.87,1017,40,280.93,280.93,0.65,273,74,803,Clouds,broken clouds,04n
Count: 168,200,2802985,0.005461294,168,1587254400,282.59,279.73,1017,41,282.59,282.59,0.65,273,74,803,Clouds,broken clouds,04n
Count: 168,200,2802985,0.005461294,168,1587258000,282.59,279.81,1017,43,282.59,282.59,0.65,273,74,803,Clouds,broken clouds,04n
Count: 168,200,2802985,0.005461294,168,1587261600,283.15,280.04,1018,44,283.15,283.15,1.27,248,14,801,Clouds,few clouds,02n
Count: 168,200,2802985,0.005461294,168,1587265200,283.71,283.02,1008,100,283.71,283.71,1.27,248,14,801,Clouds,few clouds,02n
Count: 168,200,2802985,0.005461294,168,1587268800,283.15,280.2,1017,48,283.15,283.15,1.27,248,14,801,Clouds,few clouds,02n
Count: 168,200,2802985,0.005461294,168,1587272400,282.59,279.35,1017,48,282.59,282.59,1.59,19,50,802,Clouds,scattered clouds,03d
Count: 168,200,2802985,0.005461294,168,1587276000,283.15,280.61,1017,50,283.15,283.15,0.8,23,22,801,Clouds,few clouds,02d
Count: 168,200,2802985,0.005461294,168,1587279600,283.0,281.37,1018,87,283.0,283.0,1.59,19,50,802,Clouds,scattered clouds,03d
Count: 168,200,2802985,0.005461294,168,1587283200,284.26,281.15,1017,42,284.26,284.26,1.34,135,43,802,Clouds,scattered clouds,03d
Count: 168,200,2802985,0.005461294,168,1587286800,284.52,281.67,1018,40,284.26,284.82,0.89,135,43,802,Clouds,scattered clouds,03d
Count: 168,200,2802985,0.005461294,168,1587290400,284.78,281.96,1018,40,284.26,285.37,0.89,135,43,802,Clouds,scattered clouds,03d
Count: 168,200,2802985,0.005461294,168,1587294000,284.82,282.05,1018,41,284.82,284.82,0.89,135,53,803,Clouds,broken clouds,04d
Count: 168,200,2802985,0.005461294,168,1587297600,284.82,282.27,1017,39,284.82,284.82,0.45,135,53,803,Clouds,broken clouds,04d
Count: 168,200,2802985,0.005461294,168,1587301200,285.89,282.26,1017,40,285.37,286.48,2.24,135,45,802,Clouds,scattered clouds,03d
Count: 168,200,2802985,0.005461294,168,1587304800,287.52,284.05,1017,39,286.48,288.71,2.24,135,56,500,Rain,light rain,10d
Count: 168,200,2802985,0.005461294,168,1587308400,288.03,285.21,1016,38,286.48,289.82,1.34,135,56,500,Rain,light rain,10d
Count: 168,200,2802985,0.005461294,168,1587312000,289.12,286.65,1016,36,288.15,290.37,0.89,135,56,500,Rain,light rain,10d
Count: 168,200,2802985,0.005461294,168,1587315600,288.15,285.01,1016,32,288.15,288.15,1.34,135,29,802,Clouds,scattered clouds,03d
Count: 168,200,2802985,0.005461294,168,1587319200,287.04,284.4,1016,32,287.04,287.04,0.45,135,29,802,Clouds,scattered clouds,03d
Count: 168,200,2802985,0.005461294,168,1587322800,284.82,281.82,1016,36,284.82,284.82,0.89,135,29,802,Clouds,scattered clouds,03n
Count: 168,200,2802985,0.005461294,168,1587326400,282.04,275.41,1018,38,282.04,282.04,5.79,91,10,800,Clear,clear sky,01n
Count: 168,200,2802985,0.005461294,168,1587330000,280.93,277.97,1017,39,280.93,280.93,0.45,135,10,800,Clear,clear sky,01n
Count: 168,200,2802985,0.005461294,168,1587333600,281.48,278.5,1018,37,281.48,281.48,0.45,135,10,800,Clear,clear sky,01n
Count: 168,200,2802985,0.005461294,168,1587337200,280.37,277.3,1017,37,280.37,280.37,0.45,135,5,800,Clear,clear sky,01n
Count: 168,200,2802985,0.005461294,168,1587340800,279.26,272.8,1017,38,279.26,279.26,5.2,86,5,800,Clear,clear sky,01n
Count: 168,200,2802985,0.005461294,168,1587344400,278.71,272.31,1017,39,278.71,278.71,5.1,84,9,800,Clear,clear sky,01n
Count: 168,200,2802985,0.005461294,168,1587348000,277.04,270.77,1018,40,277.04,277.04,4.76,84,0,800,Clear,clear sky,01n
Count: 168,200,2802985,0.005461294,168,1587351600,278.03,271.84,1017,40,276.48,279.82,4.76,84,0,800,Clear,clear sky,01n
Count: 168,200,2802985,0.005461294,168,1587355200,277.48,274.26,1018,40,275.93,279.26,0.45,135,0,800,Clear,clear sky,01n
Count: 168,200,2802985,0.005461294,168,1587358800,279.26,278.05,1009,100,279.26,279.26,0.45,309,0,800,Clear,clear sky,01d
Count: 168,200,2802985,0.005461294,168,1587362400,278.08,271.45,1017,41,275.93,280.37,5.44,86,0,800,Clear,clear sky,01d
Count: 168,200,2802985,0.005461294,168,1587366000,282.04,281.17,1010,100,282.04,282.04,0.89,136,0,800,Clear,clear sky,01d
Count: 168,200,2802985,0.005461294,168,1587369600,284.97,280.86,1017,25,283.15,286.48,1.79,158,0,800,Clear,clear sky,01d
Count: 168,200,2802985,0.005461294,168,1587373200,283.15,282.88,1009,100,283.15,283.15,0.45,157,0,800,Clear,clear sky,01d
Count: 168,200,2802985,0.005461294,168,1587376800,285.81,279.15,1017,50,285.81,285.81,7.25,90,0,800,Clear,clear sky,01d
Count: 168,200,2802985,0.005461294,168,1587380400,289.26,283.9,1016,19,289.26,289.26,3.58,270,0,800,Clear,clear sky,01d
Count: 168,200,2802985,0.005461294,168,1587384000,289.82,283.88,1016,19,289.82,289.82,4.47,248,0,800,Clear,clear sky,01d
Count: 168,200,2802985,0.005461294,168,1587387600,292.06,283.28,1016,24,291.48,292.59,9.3,90,0,800,Clear,clear sky,01d
Count: 168,200,2802985,0.005461294,168,1587391200,292.18,283.68,1015,22,290.37,293.15,8.7,90,0,800,Clear,clear sky,01d
Count: 168,200,2802985,0.005461294,168,1587394800,292.81,284.5,1014,19,292.04,293.15,8.2,80,0,800,Clear,clear sky,01d
Count: 168,200,2802985,0.005461294,168,1587398400,292.68,283.37,1014,16,292.04,293.15,9.3,80,0,800,Clear,clear sky,01d
Count: 168,200,2802985,0.005461294,168,1587402000,290.9,281.73,1014,20,287.59,293.15,9.3,90,0,800,Clear,clear sky,01d
Count: 168,200,2802985,0.005461294,168,1587405600,290.33,281.85,1014,25,288.71,291.15,8.7,80,0,800,Clear,clear sky,01d
Count: 168,200,2802985,0.005461294,168,1587409200,288.5,281.36,1014,27,285.15,291.15,6.7,90,0,800,Clear,clear sky,01n
Count: 168,200,2802985,0.005461294,168,1587412800,286.95,279.82,1015,30,283.71,288.15,6.7,80,0,800,Clear,clear sky,01n
Count: 168,200,2802985,0.005461294,168,1587416400,286.43,278.2,1016,30,284.82,287.15,8.2,80,0,800,Clear,clear sky,01n
Count: 168,200,2802985,0.005461294,168,1587420000,285.38,277.84,1016,32,282.15,286.48,7.2,70,0,800,Clear,clear sky,01n
Count: 168,200,2802985,0.005461294,168,1587423600,283.88,277.11,1016,37,280.93,285.37,6.2,70,0,800,Clear,clear sky,01n
Count: 168,200,2802985,0.005461294,168,1587427200,283.74,277.08,1016,40,282.59,284.82,6.2,70,0,800,Clear,clear sky,01n
Count: 168,200,2802985,0.005461294,168,1587430800,282.79,276.92,1016,43,282.04,284.26,5.1,60,16,801,Clouds,few clouds,02n
Count: 168,200,2802985,0.005461294,168,1587434400,282.1,275.81,1016,45,280.93,283.15,5.7,60,6,800,Clear,clear sky,01n
Count: 168,200,2802985,0.005461294,168,1587438000,281.04,275.29,1015,52,278.71,282.59,5.1,50,6,800,Clear,clear sky,01n
Count: 168,200,2802985,0.005461294,168,1587441600,280.45,275.25,1015,60,279.15,281.48,4.6,50,6,800,Clear,clear sky,01n
Count: 168,200,2802985,0.005461294,168,1587445200,280.45,274.48,1015,60,279.15,280.93,5.7,50,3,800,Clear,clear sky,01d
Count: 168,200,2802985,0.005461294,168,1587448800,281.53,274.28,1015,59,280.15,282.59,7.7,60,3,800,Clear,clear sky,01d
Count: 168,200,2802985,0.005461294,168,1587452400,283.38,276.41,1015,59,282.15,284.82,7.7,60,3,800,Clear,clear sky,01d
Count: 168,200,2802985,0.005461294,168,1587456000,285.58,278.63,1016,44,283.71,287.04,7.2,70,0,800,Clear,clear sky,01d
Count: 168,200,2802985,0.005461294,168,1587459600,286.41,279.23,1016,44,284.15,288.15,7.7,80,0,800,Clear,clear sky,01d
Count: 168,200,2802985,0.005461294,168,1587463200,289.31,278.68,1016,27,288.15,290.15,11.8,90,0,800,Clear,clear sky,01d
Count: 168,200,2802985,0.005461294,168,1587466800,291.39,281.55,1015,25,290.15,292.04,10.8,80,0,800,Clear,clear sky,01d
Count: 168,200,2802985,0.005461294,168,1587470400,292.3,283.82,1015,22,289.15,293.71,8.7,80,0,800,Clear,clear sky,01d
Count: 168,200,2802985,0.005461294,168,1587474000,291.94,282.86,1015,20,289.15,293.71,9.3,70,0,800,Clear,clear sky,01d
Count: 168,200,2802985,0.005461294,168,1587477600,293.55,285.31,1014,19,290.15,294.26,8.2,70,0,800,Clear,clear sky,01d
Count: 168,200,2802985,0.005461294,168,1587481200,294.21,286.03,1014,19,293.15,295.15,8.2,80,0,800,Clear,clear sky,01d
Count: 168,200,2802985,0.005461294,168,1587484800,294.19,286.71,1014,19,293.71,295.15,7.2,80,0,800,Clear,clear sky,01d
Count: 168,200,2802985,0.005461294,168,1587488400,293.82,285.76,1014,21,293.15,295.15,8.2,80,0,800,Clear,clear sky,01d
Count: 168,200,2802985,0.005461294,168,1587492000,292.56,285.15,1014,22,292.04,294.15,7.2,90,0,800,Clear,clear sky,01d
Count: 168,200,2802985,0.005461294,168,1587495600,290.4,284.16,1015,27,289.82,291.15,5.7,90,0,800,Clear,clear sky,01n
Count: 168,200,2802985,0.005461294,168,1587499200,288.09,282.25,1016,31,285.37,289.26,5.1,80,0,800,Clear,clear sky,01n
Count: 168,200,2802985,0.005461294,168,1587502800,287.75,282.77,1016,55,287.04,288.71,5.7,70,0,800,Clear,clear sky,01n
Count: 167,200,2802985,0.006022923,167,1587506400,286.52,281.47,1017,43,285.93,287.59,4.6,50,0,800,Clear,clear sky,01n
Count: 167,200,2802985,0.006022923,167,1587510000,285.5,280.1,1017,46,284.15,286.48,5.1,60,0,800,Clear,clear sky,01n
Count: 167,200,2802985,0.006022923,167,1587513600,284.3,279.26,1017,50,283.15,285.37,4.6,60,0,800,Clear,clear sky,01n
Count: 167,200,2802985,0.006022923,167,1587517200,283.47,278.77,1017,61,281.15,284.82,4.6,40,0,800,Clear,clear sky,01n
Count: 167,200,2802985,0.006022923,167,1587520800,283.61,281.92,1010,63,283.15,284.26,0.45,98,0,800,Clear,clear sky,01n
Count: 167,200,2802985,0.006022923,167,1587524400,282.65,278.17,1017,61,281.15,283.71,4.1,50,0,800,Clear,clear sky,01n
Count: 167,200,2802985,0.006022923,167,1587528000,282.29,277.6,1017,57,281.48,282.59,4.1,60,0,800,Clear,clear sky,01n
Count: 167,200,2802985,0.006022923,167,1587531600,282.16,275.78,1017,61,281.15,283.15,6.7,70,0,800,Clear,clear sky,01d
Count: 167,200,2802985,0.006022923,167,1587535200,283.67,277.37,1018,57,282.15,285.37,6.7,80,0,800,Clear,clear sky,01d
Count: 167,200,2802985,0.006022923,167,1587538800,284.81,279.08,1018,50,284.15,285.37,5.7,80,0,800,Clear,clear sky,01d
Count: 167,200,2802985,0.006022923,167,1587542400,287.13,280.0,1019,43,285.93,288.15,7.7,80,0,800,Clear,clear sky,01d
Count: 167,200,2802985,0.006022923,167,1587546000,288.61,281.59,1019,41,287.59,289.26,7.7,70,0,800,Clear,clear sky,01d
Count: 167,200,2802985,0.006022923,167,1587549600,289.22,282.19,1019,45,287.59,290.37,8.2,80,0,800,Clear,clear sky,01d
Count: 167,200,2802985,0.006022923,167,1587553200,292.09,284.25,1018,37,290.93,293.15,9.3,80,0,800,Clear,clear sky,01d
Count: 167,200,2802985,0.006022923,167,1587556800,293.56,286.74,1018,37,292.59,294.26,8.2,70,0,800,Clear,clear sky,01d
Count: 167,200,2802985,0.006022923,167,1587560400,293.99,287.08,1018,22,290.93,295.37,6.7,80,0,800,Clear,clear sky,01d
Count: 167,200,2802985,0.006022923,167,1587564000,294.79,287.61,1017,26,291.15,296.48,7.7,60,0,800,Clear,clear sky,01d
Count: 167,200,2802985,0.006022923,167,1587567600,295.96,288.57,1017,18,295.37,296.48,7.2,70,0,800,Clear,clear sky,01d
Count: 167,200,2802985,0.006022923,167,1587571200,295.75,288.88,1016,24,295.15,296.48,7.2,50,0,800,Clear,clear sky,01d
Count: 167,200,2802985,0.006022923,167,1587574800,294.05,287.83,1017,26,290.93,296.15,6.2,40,0,800,Clear,clear sky,01d
Count: 167,200,2802985,0.006022923,167,1587578400,292.8,286.37,1017,30,289.82,295.15,6.7,50,0,800,Clear,clear sky,01d
Count: 167,200,2802985,0.006022923,167,1587582000,290.67,285.49,1017,31,289.82,292.04,4.6,50,0,800,Clear,clear sky,01n
Count: 167,200,2802985,0.006022923,167,1587585600,288.33,283.51,1018,36,287.59,289.15,4.1,50,0,800,Clear,clear sky,01n
Count: 167,200,2802985,0.006022923,167,1587589200,286.97,282.39,1018,44,285.93,288.15,4.1,70,0,800,Clear,clear sky,01n
Count: 167,200,2802985,0.006022923,167,1587592800,286.2,281.66,1019,47,284.82,287.04,4.1,80,0,800,Clear,clear sky,01n
Count: 167,200,2802985,0.006022923,167,1587596400,284.15,279.14,1019,43,279.26,286.15,4.1,90,0,800,Clear,clear sky,01n
Count: 167,200,2802985,0.006022923,167,1587600000,284.26,279.61,1019,43,282.04,287.15,3.6,90,0,800,Clear,clear sky,01n
Count: 167,200,2802985,0.006022923,167,1587603600,283.18,277.82,1019,46,280.37,286.15,4.6,80,0,800,Clear,clear sky,01n
Count: 167,200,2802985,0.006022923,167,1587607200,282.43,279.16,1019,57,282.04,283.71,2.1,90,0,800,Clear,clear sky,01n
Count: 167,200,2802985,0.006022923,167,1587610800,282.55,279.3,1019,57,280.93,285.15,2.1,80,0,800,Clear,clear sky,01n
Count: 167,200,2802985,0.006022923,167,1587614400,282.12,279.22,1019,57,281.48,282.59,1.5,90,0,800,Clear,clear sky,01n
Count: 167,200,2802985,0.006022923,167,1587618000,281.28,278.41,1019,61,280.37,282.59,1.5,360,0,800,Clear,clear sky,01d
Count: 167,200,2802985,0.006022923,167,1587621600,282.94,280.46,1020,75,280.15,285.37,2.1,40,0,800,Clear,clear sky,01d
Count: 167,200,2802985,0.006022923,167,1587625200,285.59,282.88,1020,58,284.26,286.48,2.1,70,0,800,Clear,clear sky,01d
Count: 167,200,2802985,0.006022923,167,1587628800,290.01,286.11,1020,47,288.15,292.04,4.1,90,0,800,Clear,clear sky,01d
Count: 167,200,2802985,0.006022923,167,1587632400,291.42,287.6,1019,39,289.82,292.59,3.6,90,0,800,Clear,clear sky,01d
Count: 167,200,2802985,0.006022923,167,1587636000,292.86,288.06,1019,32,291.48,294.26,4.6,80,0,800,Clear,clear sky,01d
Count: 167,200,2802985,0.006022923,167,1587639600,293.87,289.92,1019,32,292.59,295.37,3.6,80,0,800,Clear,clear sky,01d
Count: 167,200,2802985,0.006022923,167,1587643200,294.92,291.15,1019,32,293.71,296.48,3.6,80,0,800,Clear,clear sky,01d
Count: 167,200,2802985,0.006022923,167,1587646800,295.26,292.84,1018,30,293.71,297.04,1.5,0,0,800,Clear,clear sky,01d
Count: 167,200,2802985,0.006022923,167,1587650400,295.57,293.29,1018,31,293.15,297.59,1.5,0,0,800,Clear,clear sky,01d
Count: 167,200,2802985,0.006022923,167,1587654000,296.28,293.07,1017,28,295.93,296.48,2.6,10,0,800,Clear,clear sky,01d
Count: 167,200,2802985,0.006022923,167,1587657600,295.87,293.22,1016,31,295.37,296.48,2.1,60,0,800,Clear,clear sky,01d
Count: 167,200,2802985,0.006022923,167,1587661200,295.26,291.81,1016,27,294.26,296.48,2.6,70,6,800,Clear,clear sky,01d
Count: 167,200,2802985,0.006022923,167,1587664800,293.82,290.46,1016,35,293.15,294.26,3.1,40,6,800,Clear,clear sky,01d
Count: 167,200,2802985,0.006022923,167,1587668400,291.69,287.91,1016,34,290.37,292.59,3.1,60,6,800,Clear,clear sky,01n
Count: 167,200,2802985,0.006022923,167,1587672000,287.81,284.74,1016,36,284.26,291.15,1.5,70,67,803,Clouds,broken clouds,04n
Count: 167,200,2802985,0.006022923,167,1587675600,286.24,283.37,1016,44,282.59,289.15,1.5,70,67,803,Clouds,broken clouds,04n
Count: 167,200,2802985,0.006022923,167,1587679200,285.15,282.83,1015,44,280.93,288.15,0.5,0,67,803,Clouds,broken clouds,04n
Count: 167,200,2802985,0.006022923,167,1587682800,283.65,281.04,1015,50,279.82,286.15,1.0,230,81,803,Clouds,broken clouds,04n
Count: 167,200,2802985,0.006022923,167,1587686400,283.45,280.0,1015,66,281.48,284.82,3.1,210,81,803,Clouds,broken clouds,04n
Count: 167,200,2802985,0.006022923,167,1587690000,283.5,280.62,1014,71,283.15,284.26,2.6,210,84,803,Clouds,broken clouds,04n
Count: 167,200,2802985,0.006022923,167,1587693600,282.86,279.01,1014,76,281.48,284.26,4.1,210,96,804,Clouds,overcast clouds,04n
Count: 167,200,2802985,0.006022923,167,1587697200,283.65,279.61,1014,76,282.15,284.82,4.6,210,96,804,Clouds,overcast clouds,04n
Count: 167,200,2802985,0.006022923,167,1587700800,283.02,279.75,1014,81,281.15,284.26,3.6,220,96,804,Clouds,overcast clouds,04n
Count: 167,200,2802985,0.006022923,167,1587704400,282.08,278.14,1013,87,280.15,284.15,4.6,210,98,804,Clouds,overcast clouds,04d
Count: 167,200,2802985,0.006022923,167,1587708000,282.99,278.9,1014,87,281.15,284.26,5.1,210,98,804,Clouds,overcast clouds,04d
Count: 167,200,2802985,0.006022923,167,1587711600,284.56,281.64,1014,81,283.15,285.37,3.6,220,98,804,Clouds,overcast clouds,04d
Count: 167,200,2802985,0.006022923,167,1587715200,286.64,282.69,1014,71,285.15,287.59,5.1,220,100,804,Clouds,overcast clouds,04d
Count: 167,200,2802985,0.006022923,167,1587718800,289.05,285.52,1014,62,287.15,290.93,4.6,230,100,804,Clouds,overcast clouds,04d
Count: 167,200,2802985,0.006022923,167,1587722400,290.09,287.42,1014,55,289.15,291.48,3.1,250,100,804,Clouds,overcast clouds,04d
Count: 167,200,2802985,0.006022923,167,1587726000,291.56,289.09,1014,48,290.15,293.15,2.6,250,93,804,Clouds,overcast clouds,04d
Count: 167,200,2802985,0.006022923,167,1587729600,292.51,290.02,1013,45,290.93,293.71,2.6,0,93,804,Clouds,overcast clouds,04d
Count: 167,200,2802985,0.006022923,167,1587733200,292.93,290.4,1013,48,292.15,293.71,3.1,310,75,803,Clouds,broken clouds,04d
Count: 167,200,2802985,0.006022923,167,1587736800,293.27,290.36,1013,42,292.04,294.26,3.1,290,70,803,Clouds,broken clouds,04d
Count: 167,200,2802985,0.006022923,167,1587740400,293.33,290.31,1012,45,292.15,294.82,3.6,320,70,803,Clouds,broken clouds,04d
Count: 167,200,2802985,0.006022923,167,1587744000,293.19,288.82,1012,37,292.04,294.26,4.6,320,70,803,Clouds,broken clouds,04d
Count: 167,200,2802985,0.006022923,167,1587747600,292.17,287.76,1012,34,291.48,293.15,4.1,320,68,803,Clouds,broken clouds,04d
Count: 167,200,2802985,0.006022923,167,1587751200,290.32,286.32,1012,39,287.59,291.48,3.6,340,68,803,Clouds,broken clouds,04d
Count: 167,200,2802985,0.006022923,167,1587754800,288.69,284.03,1012,44,287.59,289.82,4.6,10,68,803,Clouds,broken clouds,04n
Count: 167,200,2802985,0.006022923,167,1587758400,285.6,282.16,1012,50,283.15,287.59,2.6,350,69,803,Clouds,broken clouds,04n
Count: 167,200,2802985,0.006022923,167,1587762000,283.72,279.47,1013,54,280.93,285.37,3.6,350,69,803,Clouds,broken clouds,04n
Count: 167,200,2802985,0.006022923,167,1587765600,284.25,280.39,1013,53,283.15,285.37,3.1,360,69,803,Clouds,broken clouds,04n
Count: 167,200,2802985,0.006022923,167,1587769200,281.41,277.08,1013,61,278.15,282.59,3.6,350,36,802,Clouds,scattered clouds,03n
Count: 167,200,2802985,0.006022923,167,1587772800,281.21,277.52,1014,70,279.82,282.59,3.1,340,36,802,Clouds,scattered clouds,03n
Count: 167,200,2802985,0.006022923,167,1587776400,280.29,276.67,1014,87,277.04,280.93,3.6,340,20,801,Clouds,few clouds,02n
Count: 167,200,2802985,0.006022923,167,1587780000,279.96,277.58,1014,87,277.04,280.93,1.74,24,90,804,Clouds,overcast clouds,04n
Count: 167,200,2802985,0.006022923,167,1587783600,279.73,275.81,1014,81,277.04,280.93,3.6,10,90,804,Clouds,overcast clouds,04n
Count: 167,200,2802985,0.006022923,167,1587787200,279.15,275.13,1014,81,276.15,280.93,3.6,30,90,804,Clouds,overcast clouds,04n
Count: 167,200,2802985,0.006022923,167,1587790800,279.36,275.37,1014,81,275.93,280.93,3.6,30,90,804,Clouds,overcast clouds,04d
Count: 167,200,2802985,0.006022923,167,1587794400,279.37,275.73,1014,81,275.93,280.93,3.1,60,90,804,Clouds,overcast clouds,04d
Count: 167,200,2802985,0.006022923,167,1587798000,279.8,276.05,1015,75,275.93,281.48,3.1,60,90,804,Clouds,overcast clouds,04d
Count: 167,200,2802985,0.006022923,167,1587801600,281.88,279.2,1015,75,280.93,283.71,2.1,50,90,804,Clouds,overcast clouds,04d
Count: 167,200,2802985,0.006022923,167,1587805200,282.66,279.42,1015,66,281.48,284.26,2.6,70,90,804,Clouds,overcast clouds,04d
Count: 167,200,2802985,0.006022923,167,1587808800,283.86,280.28,1015,61,283.15,285.37,3.1,50,90,804,Clouds,overcast clouds,04d
Count: 167,200,2802985,0.006022923,167,1587812400,285.13,282.36,1015,66,283.15,286.48,2.6,330,90,804,Clouds,overcast clouds,04d
Count: 167,200,2802985,0.006022923,167,1587816000,286.36,283.09,1014,58,285.15,287.59,3.1,0,40,802,Clouds,scattered clouds,03d
Count: 167,200,2802985,0.006022923,167,1587819600,287.02,283.18,1014,58,285.93,288.15,4.1,360,27,802,Clouds,scattered clouds,03d
Count: 167,200,2802985,0.006022923,167,1587823200,287.81,285.51,1013,50,286.48,289.26,1.5,0,0,800,Clear,clear sky,01d
Count: 167,200,2802985,0.006022923,167,1587826800,288.04,285.01,1013,50,287.04,289.26,2.6,0,0,800,Clear,clear sky,01d
Count: 167,200,2802985,0.006022923,167,1587830400,288.14,285.73,1012,47,287.59,289.26,1.5,0,0,800,Clear,clear sky,01d
Count: 167,200,2802985,0.006022923,167,1587834000,287.76,285.12,1012,44,287.04,288.71,1.5,40,4,800,Clear,clear sky,01d
Count: 167,200,2802985,0.006022923,167,1587837600,286.98,283.26,1011,47,286.48,287.59,3.1,10,4,800,Clear,clear sky,01d
Count: 167,200,2802985,0.006022923,167,1587841200,284.88,281.68,1011,50,283.15,286.15,2.1,360,4,800,Clear,clear sky,01n
Count: 167,200,2802985,0.006022923,167,1587844800,283.24,279.55,1012,61,282.04,284.26,3.1,50,2,800,Clear,clear sky,01n
Count: 167,200,2802985,0.006022923,167,1587848400,281.95,278.59,1012,66,279.82,283.15,2.6,50,2,800,Clear,clear sky,01n
Count: 167,200,2802985,0.006022923,167,1587852000,280.22,276.94,1012,66,277.04,282.15,2.1,60,2,800,Clear,clear sky,01n
Count: 167,200,2802985,0.006022923,167,1587855600,280.05,276.54,1012,81,279.82,280.37,3.1,340,1,800,Clear,clear sky,01n
Count: 167,200,2802985,0.006022923,167,1587859200,279.35,276.06,1012,81,275.93,280.37,2.6,360,1,800,Clear,clear sky,01n
Count: 167,200,2802985,0.006022923,167,1587862800,278.29,275.35,1012,87,275.37,279.82,2.1,360,6,800,Clear,clear sky,01n
Count: 167,200,2802985,0.006022923,167,1587866400,277.6,274.7,1012,93,274.82,278.15,2.1,10,0,800,Clear,clear sky,01n
Count: 167,200,2802985,0.006022923,167,1587870000,277.1,274.11,1012,93,274.26,278.71,2.1,10,0,800,Clear,clear sky,01n
Count: 167,200,2802985,0.006022923,167,1587873600,276.43,273.33,1012,93,274.26,277.59,2.1,40,0,800,Clear,clear sky,01n
Count: 167,200,2802985,0.006022923,167,1587877200,276.29,272.82,1012,93,274.26,277.15,2.6,30,0,800,Clear,clear sky,01d
Count: 167,200,2802985,0.006022923,167,1587880800,278.51,275.78,1012,93,277.04,279.82,2.1,30,0,800,Clear,clear sky,01d
Count: 167,200,2802985,0.006022923,167,1587884400,281.07,279.78,1012,87,280.15,282.04,0.5,0,0,800,Clear,clear sky,01d
Count: 167,200,2802985,0.006022923,167,1587888000,283.58,282.25,1012,81,280.93,285.93,1.0,0,0,800,Clear,clear sky,01d
Count: 167,200,2802985,0.006022923,167,1587891600,286.49,285.37,1012,71,284.82,287.59,1.0,0,0,800,Clear,clear sky,01d
Count: 167,200,2802985,0.006022923,167,1587895200,288.12,285.78,1012,62,287.04,288.71,2.6,10,0,800,Clear,clear sky,01d
Count: 167,200,2802985,0.006022923,167,1587898800,288.91,286.63,1012,47,287.59,290.37,1.5,0,0,800,Clear,clear sky,01d
Count: 167,200,2802985,0.006022923,167,1587902400,289.76,287.45,1012,44,288.71,290.93,1.5,0,0,800,Clear,clear sky,01d
Count: 167,200,2802985,0.006022923,167,1587906000,290.92,287.91,1011,42,290.15,292.04,2.6,350,0,800,Clear,clear sky,01d
Count: 167,200,2802985,0.006022923,167,1587909600,291.19,288.8,1011,39,290.93,292.04,1.5,0,0,800,Clear,clear sky,01d
Count: 167,200,2802985,0.006022923,167,1587913200,291.57,289.03,1010,36,290.93,292.59,1.5,0,0,800,Clear,clear sky,01d
Count: 167,200,2802985,0.006022923,167,1587916800,291.23,288.42,1010,39,290.93,291.48,2.1,30,0,800,Clear,clear sky,01d
Count: 167,200,2802985,0.006022923,167,1587920400,290.81,287.73,1010,36,290.37,291.48,2.1,340,0,800,Clear,clear sky,01d
Count: 167,200,2802985,0.006022923,167,1587924000,289.26,286.56,1009,39,287.04,290.37,1.5,350,0,800,Clear,clear sky,01d
Count: 167,200,2802985,0.006022923,167,1587927600,287.78,284.72,1009,44,287.04,288.71,2.1,20,0,800,Clear,clear sky,01n
Count: 167,200,2802985,0.006022923,167,1587931200,284.25,281.38,1010,50,281.48,286.15,1.5,60,0,800,Clear,clear sky,01n
Count: 167,200,2802985,0.006022923,167,1587934800,282.9,280.54,1010,50,279.82,285.15,0.5,0,0,800,Clear,clear sky,01n
Count: 167,200,2802985,0.006022923,167,1587938400,282.0,278.66,1010,57,279.26,284.15,2.1,20,0,800,Clear,clear sky,01n
Count: 167,200,2802985,0.006022923,167,1587942000,280.87,277.69,1010,66,278.71,282.15,2.1,30,0,800,Clear,clear sky,01n
Count: 167,200,2802985,0.006022923,167,1587945600,280.6,278.15,1010,66,278.15,284.15,1.0,60,0,800,Clear,clear sky,01n
Count: 167,200,2802985,0.006022923,167,1587949200,279.7,276.63,1010,75,277.59,282.15,2.1,150,0,800,Clear,clear sky,01n
Count: 167,200,2802985,0.006022923,167,1587952800,279.73,277.28,1009,81,278.71,280.93,1.5,140,18,801,Clouds,few clouds,02n
Count: 167,200,2802985,0.006022923,167,1587956400,278.98,276.4,1009,81,278.15,280.37,1.5,160,18,801,Clouds,few clouds,02n
Count: 167,200,2802985,0.006022923,167,1587960000,278.44,275.74,1009,80,277.59,279.82,1.5,180,18,801,Clouds,few clouds,02n
Count: 167,200,2802985,0.006022923,167,1587963600,278.87,275.5,1009,81,278.15,279.82,2.6,190,15,801,Clouds,few clouds,02d
Count: 167,200,2802985,0.006022923,167,1587970800,283.06,279.35,1009,70,282.15,284.26,3.6,200,15,801,Clouds,few clouds,02d
Count: 167,200,2802985,0.006022923,167,1587974400,288.11,285.06,1009,62,285.15,289.82,3.6,210,23,801,Clouds,few clouds,02d
Count: 167,200,2802985,0.006022923,167,1587978000,289.93,286.81,1009,54,288.15,291.48,3.6,210,23,801,Clouds,few clouds,02d
Count: 167,200,2802985,0.006022923,167,1587981600,290.93,292.69,1002,100,290.37,292.04,1.34,224,23,801,Clouds,few clouds,02d
Count: 167,200,2802985,0.006022923,167,1587985200,292.97,289.53,1008,32,291.48,294.26,2.68,9,13,801,Clouds,few clouds,02d
Count: 167,200,2802985,0.006022923,167,1587988800,294.06,297.58,1000,100,293.15,294.82,0.89,218,13,801,Clouds,few clouds,02d
Count: 167,200,2802985,0.006022923,167,1587992400,294.15,289.36,1007,34,293.15,295.37,5.1,230,25,802,Clouds,scattered clouds,03d
Count: 167,200,2802985,0.006022923,167,1587996000,294.4,291.77,1007,39,293.71,295.37,2.68,56,10,800,Clear,clear sky,01d
Count: 167,200,2802985,0.006022923,167,1587999600,295.06,291.74,1006,37,294.26,295.93,3.6,250,24,801,Clouds,few clouds,02d
Count: 167,200,2802985,0.006022923,167,1588003200,294.95,293.45,1006,40,293.71,295.93,1.34,64,37,500,Rain,light rain,10d
Count: 167,200,2802985,0.006022923,167,1588006800,294.3,290.14,1006,37,293.71,295.15,4.6,230,47,500,Rain,light rain,10d
Count: 167,200,2802985,0.006022923,167,1588010400,293.11,289.78,1006,37,292.59,294.15,3.1,260,48,500,Rain,light rain,10d
Count: 167,200,2802985,0.006022923,167,1588014000,289.38,287.68,1006,61,288.15,290.93,2.01,200,67,803,Clouds,broken clouds,04n
Count: 167,200,2802985,0.006022923,167,1588017600,286.21,284.26,1006,71,284.82,288.15,2.09,179,65,803,Clouds,broken clouds,04n
Count: 167,200,2802985,0.006022923,167,1588021200,286.59,285.1,1006,68,285.37,287.59,1.34,308,40,802,Clouds,scattered clouds,03n
Count: 167,200,2802985,0.006022923,167,1588024800,286.44,284.61,1006,68,285.37,287.59,1.79,290,36,802,Clouds,scattered clouds,03n
Count: 167,200,2802985,0.006022923,167,1588028400,285.19,283.09,1006,68,284.82,285.37,1.79,290,33,802,Clouds,scattered clouds,03n
Count: 167,200,2802985,0.006022923,167,1588032000,284.4,281.83,1005,66,283.15,285.15,2.1,50,39,802,Clouds,scattered clouds,03n
Count: 167,200,2802985,0.006022923,167,1588035600,283.53,281.63,1005,76,283.15,283.71,1.5,60,84,803,Clouds,broken clouds,04n
Count: 167,200,2802985,0.006022923,167,1588039200,283.1,279.99,1004,76,282.04,284.26,3.1,40,71,803,Clouds,broken clouds,04n
Count: 167,200,2802985,0.006022923,167,1588042800,283.34,280.99,996,60,282.59,283.71,1.16,138,74,803,Clouds,broken clouds,04n
Count: 167,200,2802985,0.006022923,167,1588046400,282.72,279.54,1004,76,282.04,283.71,3.1,40,77,803,Clouds,broken clouds,04n
Count: 167,200,2802985,0.006022923,167,1588050000,283.89,281.3,997,59,283.15,284.26,1.57,136,78,803,Clouds,broken clouds,04d
Count: 167,200,2802985,0.006022923,167,1588053600,285.0,282.75,995,59,284.82,285.37,1.36,149,82,803,Clouds,broken clouds,04d
Count: 167,200,2802985,0.006022923,167,1588057200,286.38,284.37,995,60,284.26,288.15,1.45,188,99,804,Clouds,overcast clouds,04d
Count: 167,200,2802985,0.006022923,167,1588060800,290.36,290.64,995,100,289.26,291.48,3.12,220,100,500,Rain,light rain,10d
Count: 167,200,2802985,0.006022923,167,1588064400,290.92,292.36,995,100,290.37,291.48,1.79,1,100,500,Rain,light rain,10d
Count: 167,200,2802985,0.006022923,167,1588068000,290.92,292.68,996,100,290.37,291.48,1.34,0,100,501,Rain,moderate rain,10d
Count: 167,200,2802985,0.006022923,167,1588071600,289.82,288.54,1003,67,289.26,290.15,2.1,330,100,501,Rain,moderate rain,10d
Count: 167,200,2802985,0.006022923,167,1588075200,287.77,285.86,995,100,287.04,288.15,4.85,233,100,501,Rain,moderate rain,10d
Count: 167,200,2802985,0.006022923,167,1588078800,288.12,286.64,1004,84,287.59,288.71,3.13,42,99,500,Rain,light rain,10d
Count: 167,200,2802985,0.006022923,167,1588082400,288.53,286.4,1004,76,288.15,288.71,3.58,57,96,500,Rain,light rain,10d
Count: 167,200,2802985,0.006022923,167,1588086000,288.91,287.02,1004,73,288.71,289.26,3.13,54,91,500,Rain,light rain,10d
Count: 167,200,2802985,0.006022923,167,1588089600,289.26,290.35,995,100,288.71,289.82,1.34,238,88,500,Rain,light rain,10d
Count: 167,200,2802985,0.006022923,167,1588093200,289.96,288.55,1003,66,289.26,290.37,2.24,22,88,500,Rain,light rain,10d
Count: 167,200,2802985,0.006022923,167,1588096800,289.27,286.28,995,27,288.71,289.82,0.89,197,81,500,Rain,light rain,10d
Count: 167,200,2802985,0.006022923,167,1588100400,286.78,285.22,1004,84,285.37,288.15,2.68,1,80,803,Clouds,broken clouds,04n
Count: 167,200,2802985,0.006022923,167,1588104000,286.04,285.27,1005,85,284.82,287.04,1.34,32,66,803,Clouds,broken clouds,04n
Count: 167,200,2802985,0.006022923,167,1588107600,285.91,283.62,1004,87,285.15,286.48,3.6,230,40,520,Rain,light intensity shower rain,09n
Count: 48,200,2802985,0.002944163,48,1588111200,285.91,282.57,1004,87,285.15,286.48,5.1,220,40,802,Clouds,scattered clouds,03n
Count: 48,200,2802985,0.002944163,48,1588114800,285.78,282.75,1004,87,285.37,286.15,4.6,230,20,801,Clouds,few clouds,02n
Count: 48,200,2802985,0.002944163,48,1588118400,285.15,281.18,1005,87,284.82,285.37,5.7,230,73,803,Clouds,broken clouds,04n
Count: 48,200,2802985,0.002944163,48,1588122000,285.33,281.83,1005,87,285.15,285.37,5.1,220,20,801,Clouds,few clouds,02n
Count: 48,200,2802985,0.002944163,48,1588125600,285.06,282.54,1005,87,284.26,285.37,3.6,230,75,803,Clouds,broken clouds,04n
Count: 48,200,2802985,0.002944163,48,1588129200,284.36,282.93,1005,100,284.15,284.82,2.6,250,75,522,Rain,heavy intensity shower rain,09n
Count: 48,200,2802985,0.002944163,48,1588132800,284.26,283.15,1004,95,284.26,284.26,1.79,233,87,804,Clouds,overcast clouds,04n
Count: 48,200,2802985,0.002944163,48,1588136400,284.64,281.72,996,100,284.26,284.82,4.84,219,89,804,Clouds,overcast clouds,04d
Count: 48,200,2802985,0.002944163,48,1588140000,285.0,284.95,997,100,284.82,285.37,0.89,221,91,804,Clouds,overcast clouds,04d
Count: 48,200,2802985,0.002944163,48,1588143600,285.0,284.64,997,100,284.82,285.37,1.34,283,79,803,Clouds,broken clouds,04d
Count: 48,200,2802985,0.002944163,48,1588147200,285.18,284.87,998,100,284.82,285.37,1.34,205,96,804,Clouds,overcast clouds,04d
Count: 48,200,2802985,0.002944163,48,1588150800,285.19,285.2,998,100,284.82,285.37,0.89,202,98,804,Clouds,overcast clouds,04d
Count: 48,200,2802985,0.002944163,48,1588154400,286.47,285.94,998,100,285.93,287.59,2.24,236,92,500,Rain,light rain,10d
Count: 48,200,2802985,0.002944163,48,1588158000,287.59,285.52,998,53,287.04,288.15,1.34,13,92,500,Rain,light rain,10d
Count: 48,200,2802985,0.002944163,48,1588161600,288.9,286.62,998,61,288.71,289.26,2.68,205,88,500,Rain,light rain,10d
Count: 48,200,2802985,0.002944163,48,1588165200,288.9,290.17,998,100,288.71,289.26,0.89,229,29,500,Rain,light rain,10d
Count: 48,200,2802985,0.002944163,48,1588168800,289.37,287.93,1006,68,288.15,290.37,2.24,52,49,500,Rain,light rain,10d
Count: 48,200,2802985,0.002944163,48,1588172400,290.28,285.74,1005,59,289.15,291.48,6.2,220,90,804,Clouds,overcast clouds,04d
Count: 48,200,2802985,0.002944163,48,1588176000,289.44,287.98,1005,57,289.26,289.82,1.34,250,71,500,Rain,light rain,10d
Count: 48,200,2802985,0.002944163,48,1588179600,288.87,284.88,1004,55,288.71,289.26,4.6,220,40,802,Clouds,scattered clouds,03d
Count: 48,200,2802985,0.002944163,48,1588183200,288.34,281.9,1004,58,288.15,288.71,8.2,220,90,804,Clouds,overcast clouds,04d
Count: 48,200,2802985,0.002944163,48,1588186800,287.78,288.64,995,100,287.59,288.15,0.89,191,100,500,Rain,light rain,10n
Count: 48,200,2802985,0.002944163,48,1588190400,287.41,287.51,995,100,287.04,287.59,1.79,199,100,500,Rain,light rain,10n
Count: 48,200,2802985,0.002944163,48,1588194000,285.38,283.26,1004,80,284.82,285.93,2.68,188,100,804,Clouds,overcast clouds,04n
Count: 48,200,2802985,0.002944163,48,1588197600,283.47,282.57,1004,90,282.59,284.26,0.89,222,100,500,Rain,light rain,10n
Count: 48,200,2802985,0.002944163,48,1588201200,282.92,281.61,1004,91,282.04,283.71,1.34,180,100,501,Rain,moderate rain,10n
Count: 48,200,2802985,0.002944163,48,1588204800,282.74,281.66,1003,90,282.04,283.15,0.89,186,100,500,Rain,light rain,10n
Count: 48,200,2802985,0.002944163,48,1588208400,282.56,281.12,1002,90,282.04,283.15,1.34,183,100,500,Rain,light rain,10n
Count: 48,200,2802985,0.002944163,48,1588212000,282.77,280.67,1002,88,282.59,283.15,2.24,193,100,500,Rain,light rain,10n
Count: 48,200,2802985,0.002944163,48,1588215600,282.77,280.75,1001,90,282.59,283.15,2.24,223,100,500,Rain,light rain,10n
Count: 48,200,2802985,0.002944163,48,1588219200,282.77,280.75,1001,90,282.59,283.15,2.24,203,98,804,Clouds,overcast clouds,04n
Count: 48,200,2802985,0.002944163,48,1588222800,283.13,281.28,1001,92,282.59,283.71,2.24,217,98,804,Clouds,overcast clouds,04d
Count: 48,200,2802985,0.002944163,48,1588226400,283.12,280.21,1001,89,282.59,283.71,3.58,217,98,804,Clouds,overcast clouds,04d
Count: 48,200,2802985,0.002944163,48,1588230000,283.71,282.97,993,100,283.71,283.71,1.34,269,69,500,Rain,light rain,10d
Count: 48,200,2802985,0.002944163,48,1588233600,284.82,283.77,995,100,284.82,284.82,2.24,231,60,803,Clouds,broken clouds,04d
Count: 48,200,2802985,0.002944163,48,1588237200,285.56,284.12,994,100,285.37,285.93,3.13,197,48,802,Clouds,scattered clouds,03d
Count: 48,200,2802985,0.002944163,48,1588240800,286.31,286.04,995,100,285.37,287.04,1.79,223,36,802,Clouds,scattered clouds,03d
Count: 48,200,2802985,0.002944163,48,1588244400,287.77,286.74,994,100,287.59,288.15,3.58,211,31,802,Clouds,scattered clouds,03d
Count: 48,200,2802985,0.002944163,48,1588248000,288.71,289.28,994,100,288.15,289.26,1.79,199,26,802,Clouds,scattered clouds,03d
Count: 48,200,2802985,0.002944163,48,1588251600,288.38,282.89,1001,50,287.15,289.82,6.2,210,75,803,Clouds,broken clouds,04d
Count: 48,200,2802985,0.002944163,48,1588255200,286.12,285.48,993,100,284.82,287.04,2.24,188,40,500,Rain,light rain,10d
Count: 48,200,2802985,0.002944163,48,1588258800,283.56,277.54,1001,81,283.15,284.26,7.7,180,40,520,Rain,light intensity shower rain,09d
Count: 48,200,2802985,0.002944163,48,1588262400,285.79,283.36,992,52,282.59,287.59,1.34,188,70,500,Rain,light rain,10d
Count: 48,200,2802985,0.002944163,48,1588266000,284.68,278.82,999,71,284.26,285.15,7.2,190,76,500,Rain,light rain,10d
Count: 48,200,2802985,0.002944163,48,1588269600,283.5,280.94,1000,80,283.15,284.26,2.68,202,79,803,Clouds,broken clouds,04d
Count: 48,200,2802985,0.002944163,48,1588273200,283.16,280.6,1000,82,282.04,284.26,2.68,218,14,801,Clouds,few clouds,02n
Count: 48,200,2802985,0.002944163,48,1588276800,282.53,278.34,999,87,282.04,283.15,5.1,210,77,500,Rain,light rain,10n
Count: 48,200,2802985,0.002944163,48,1588280400,282.24,279.64,1001,86,282.04,282.59,2.68,209,85,500,Rain,light rain,10n
Count: 168,200,2802985,0.005093397,168,1588284000,281.87,279.53,1001,87,281.48,282.04,2.24,238,67,803,Clouds,broken clouds,04n
Count: 168,200,2802985,0.005093397,168,1588287600,281.48,278.75,1001,87,281.48,281.48,2.68,218,56,803,Clouds,broken clouds,04n
Count: 168,200,2802985,0.005093397,168,1588291200,281.48,278.75,1001,87,281.48,281.48,2.68,218,47,802,Clouds,scattered clouds,03n
Count: 168,200,2802985,0.005093397,168,1588294800,281.48,278.59,992,100,281.48,281.48,3.58,205,38,802,Clouds,scattered clouds,03n
Count: 168,200,2802985,0.005093397,168,1588298400,281.48,278.9,992,100,281.48,281.48,3.13,205,65,500,Rain,light rain,10n
Count: 168,200,2802985,0.005093397,168,1588302000,280.75,278.0,992,100,280.37,280.93,3.13,198,74,803,Clouds,broken clouds,04n
Count: 168,200,2802985,0.005093397,168,1588305600,280.19,277.93,992,100,279.82,280.37,2.24,199,61,803,Clouds,broken clouds,04n
Count: 168,200,2802985,0.005093397,168,1588309200,280.93,278.84,992,100,280.93,280.93,2.24,199,50,802,Clouds,scattered clouds,03d
Count: 168,200,2802985,0.005093397,168,1588312800,281.67,279.14,992,100,281.48,282.04,3.13,200,42,802,Clouds,scattered clouds,03d
Count: 168,200,2802985,0.005093397,168,1588316400,283.14,281.31,993,100,282.59,283.71,2.68,211,26,500,Rain,light rain,10d
Count: 168,200,2802985,0.005093397,168,1588320000,284.81,279.96,992,9,284.26,285.37,1.79,216,84,803,Clouds,broken clouds,04d
Count: 168,200,2802985,0.005093397,168,1588323600,285.19,283.21,992,57,284.82,285.37,0.89,215,89,804,Clouds,overcast clouds,04d
Count: 168,200,2802985,0.005093397,168,1588327200,285.92,283.63,993,61,285.37,286.48,1.79,195,74,803,Clouds,broken clouds,04d
Count: 168,200,2802985,0.005093397,168,1588330800,286.28,283.54,1001,63,285.93,286.48,2.68,239,60,500,Rain,light rain,10d
Count: 168,200,2802985,0.005093397,168,1588334400,286.78,283.25,1001,70,285.37,288.15,4.47,211,50,500,Rain,light rain,10d
Count: 168,200,2802985,0.005093397,168,1588338000,287.8,284.28,1001,60,287.04,288.15,4.02,262,13,500,Rain,light rain,10d
Count: 168,200,2802985,0.005093397,168,1588341600,287.47,285.63,1001,75,285.37,288.71,2.68,268,48,500,Rain,light rain,10d
Count: 168,200,2802985,0.005093397,168,1588345200,287.51,284.56,1001,66,285.93,288.71,3.58,275,64,500,Rain,light rain,10d
Count: 168,200,2802985,0.005093397,168,1588348800,285.58,282.34,1001,62,285.37,285.93,3.13,239,72,500,Rain,light rain,10d
Count: 168,200,2802985,0.005093397,168,1588352400,284.31,280.92,1001,64,283.15,285.37,3.13,221,72,500,Rain,light rain,10d
Count: 168,200,2802985,0.005093397,168,1588356000,284.3,281.57,1001,72,283.15,284.82,2.68,225,68,500,Rain,light rain,10d
Count: 168,200,2802985,0.005093397,168,1588359600,284.06,282.79,1002,78,283.71,284.26,0.89,234,55,500,Rain,light rain,10n
Count: 168,200,2802985,0.005093397,168,1588363200,281.99,280.74,1003,90,280.93,282.59,0.89,201,74,500,Rain,light rain,10n
Count: 168,200,2802985,0.005093397,168,1588366800,281.98,279.7,1004,88,280.93,282.59,2.24,229,50,500,Rain,light rain,10n
Count: 168,200,2802985,0.005093397,168,1588370400,282.01,279.81,1004,90,281.48,282.59,2.24,257,38,802,Clouds,scattered clouds,03n
Count: 168,200,2802985,0.005093397,168,1588374000,282.02,280.81,1004,91,281.48,282.59,0.89,223,32,802,Clouds,scattered clouds,03n
Count: 168,200,2802985,0.005093397,168,1588377600,281.67,280.39,997,100,281.48,282.04,1.34,206,29,802,Clouds,scattered clouds,03n
Count: 168,200,2802985,0.005093397,168,1588381200,281.66,280.38,996,100,281.48,282.04,1.34,227,9,800,Clear,clear sky,01n
Count: 168,200,2802985,0.005093397,168,1588384800,281.31,276.64,1005,93,280.93,281.48,5.7,230,16,801,Clouds,few clouds,02n
Count: 168,200,2802985,0.005093397,168,1588388400,281.31,276.64,1005,93,280.93,281.48,5.7,230,90,804,Clouds,overcast clouds,04n
Count: 168,200,2802985,0.005093397,168,1588392000,281.48,280.78,998,100,281.48,281.48,0.45,208,24,801,Clouds,few clouds,02n
Count: 168,200,2802985,0.005093397,168,1588395600,281.3,280.25,999,100,280.93,281.48,0.89,210,28,802,Clouds,scattered clouds,03d
Count: 168,200,2802985,0.005093397,168,1588399200,281.86,280.32,998,100,281.48,282.04,1.79,222,27,802,Clouds,scattered clouds,03d
Count: 168,200,2802985,0.005093397,168,1588402800,282.41,281.32,999,100,282.04,282.59,1.34,253,33,802,Clouds,scattered clouds,03d
Count: 168,200,2802985,0.005093397,168,1588406400,283.3,280.57,1008,77,282.59,283.71,2.68,258,53,500,Rain,light rain,10d
Count: 168,200,2802985,0.005093397,168,1588410000,282.96,281.39,1000,100,282.04,283.71,2.24,356,53,500,Rain,light rain,10d
Count: 168,200,2802985,0.005093397,168,1588413600,282.77,281.46,1001,100,282.04,284.26,1.79,0,65,500,Rain,light rain,10d
Count: 168,200,2802985,0.005093397,168,1588417200,282.15,278.51,1009,84,280.93,283.15,4.02,253,72,500,Rain,light rain,10d
Count: 168,200,2802985,0.005093397,168,1588420800,284.17,282.87,1010,84,282.59,285.93,1.34,271,77,500,Rain,light rain,10d
Count: 168,200,2802985,0.005093397,168,1588424400,285.83,282.35,1010,69,284.26,287.04,4.02,288,54,500,Rain,light rain,10d
Count: 168,200,2802985,0.005093397,168,1588428000,285.38,281.33,1011,59,284.26,286.48,4.02,307,28,500,Rain,light rain,10d
Count: 168,200,2802985,0.005093397,168,1588431600,285.33,280.57,1011,64,284.26,287.04,5.36,257,19,500,Rain,light rain,10d
Count: 168,200,2802985,0.005093397,168,1588435200,285.38,281.96,1011,59,283.71,287.04,3.13,306,14,500,Rain,light rain,10d
Count: 168,200,2802985,0.005093397,168,1588438800,285.15,282.14,1012,62,283.71,287.04,2.68,281,12,801,Clouds,few clouds,02d
Count: 168,200,2802985,0.005093397,168,1588442400,286.07,282.91,1012,64,285.37,286.48,3.28,302,10,800,Clear,clear sky,01d
Count: 168,200,2802985,0.005093397,168,1588446000,283.44,280.89,1013,81,282.04,284.26,2.7,297,0,800,Clear,clear sky,01n
Count: 168,200,2802985,0.005093397,168,1588449600,280.86,278.91,1014,88,279.82,281.48,1.43,301,0,800,Clear,clear sky,01n
Count: 168,200,2802985,0.005093397,168,1588453200,279.55,277.48,1015,91,278.15,280.93,1.36,252,0,800,Clear,clear sky,01n
Count: 168,200,2802985,0.005093397,168,1588456800,279.19,277.44,1015,93,277.59,281.48,0.89,150,0,800,Clear,clear sky,01n
Count: 168,200,2802985,0.005093397,168,1588460400,278.13,276.49,1015,93,277.59,278.71,0.45,125,0,800,Clear,clear sky,01n
Count: 168,200,2802985,0.005093397,168,1588464000,278.15,274.45,1015,86,278.15,278.15,3.1,200,0,800,Clear,clear sky,01n
Count: 168,200,2802985,0.005093397,168,1588467600,278.16,275.3,1008,100,277.59,279.26,2.48,190,0,800,Clear,clear sky,01n
Count: 168,200,2802985,0.005093397,168,1588471200,278.16,275.14,1008,100,277.59,278.71,2.71,190,0,800,Clear,clear sky,01n
Count: 168,200,2802985,0.005093397,168,1588474800,278.15,275.18,1009,100,277.59,278.71,2.64,189,0,800,Clear,clear sky,01n
Count: 168,200,2802985,0.005093397,168,1588478400,277.79,274.77,1009,100,277.04,278.71,2.6,192,0,800,Clear,clear sky,01d
Count: 168,200,2802985,0.005093397,168,1588482000,278.16,275.36,1009,100,277.59,278.71,2.4,186,12,801,Clouds,few clouds,02d
Count: 168,200,2802985,0.005093397,168,1588485600,280.56,278.46,1009,100,280.37,280.93,2.13,191,26,802,Clouds,scattered clouds,03d
Count: 168,200,2802985,0.005093397,168,1588489200,282.22,280.68,1010,100,282.04,282.59,1.91,186,100,804,Clouds,overcast clouds,04d
Count: 168,200,2802985,0.005093397,168,1588492800,284.64,283.14,1018,70,284.26,284.82,0.89,217,100,804,Clouds,overcast clouds,04d
Count: 168,200,2802985,0.005093397,168,1588496400,286.51,284.3,1018,54,285.37,287.04,1.34,288,100,804,Clouds,overcast clouds,04d
Count: 168,200,2802985,0.005093397,168,1588500000,287.59,284.51,1018,46,286.48,288.71,2.24,331,100,804,Clouds,overcast clouds,04d
Count: 168,200,2802985,0.005093397,168,1588503600,288.7,285.87,1018,47,288.15,289.26,2.24,257,100,804,Clouds,overcast clouds,04d
Count: 168,200,2802985,0.005093397,168,1588507200,289.41,287.45,1017,49,288.71,289.82,1.34,236,100,804,Clouds,overcast clouds,04d
Count: 168,200,2802985,0.005093397,168,1588510800,289.99,287.45,1017,48,289.82,290.37,2.24,233,93,804,Clouds,overcast clouds,04d
Count: 168,200,2802985,0.005093397,168,1588514400,290.34,288.44,1017,47,289.82,290.93,1.34,253,97,804,Clouds,overcast clouds,04d
Count: 168,200,2802985,0.005093397,168,1588518000,289.91,286.15,1017,44,288.71,290.93,3.6,250,98,804,Clouds,overcast clouds,04d
Count: 168,200,2802985,0.005093397,168,1588521600,289.68,286.28,1017,39,289.26,290.37,2.6,220,98,804,Clouds,overcast clouds,04d
Count: 168,200,2802985,0.005093397,168,1588525200,287.7,286.3,1017,59,286.48,289.26,0.89,158,99,500,Rain,light rain,10d
Count: 168,200,2802985,0.005093397,168,1588528800,287.7,284.44,1017,47,287.04,288.15,2.6,190,99,500,Rain,light rain,10d
Count: 168,200,2802985,0.005093397,168,1588532400,286.15,283.39,1017,62,285.37,286.48,2.6,190,20,301,Drizzle,drizzle,09n
Count: 168,200,2802985,0.005093397,168,1588536000,285.09,284.62,1017,83,283.71,286.48,0.42,172,100,804,Clouds,overcast clouds,04n
Count: 168,200,2802985,0.005093397,168,1588539600,284.92,284.04,1016,82,283.71,286.48,0.87,104,100,804,Clouds,overcast clouds,04n
Count: 168,200,2802985,0.005093397,168,1588543200,285.15,283.38,1016,71,284.82,285.93,1.5,100,90,804,Clouds,overcast clouds,04n
Count: 168,200,2802985,0.005093397,168,1588546800,284.9,283.53,1016,81,284.15,285.93,1.5,70,90,804,Clouds,overcast clouds,04n
Count: 168,200,2802985,0.005093397,168,1588550400,284.86,283.6,1016,76,284.26,285.37,1.0,0,90,804,Clouds,overcast clouds,04n
Count: 168,200,2802985,0.005093397,168,1588554000,284.86,282.13,1015,76,284.26,285.37,3.1,100,90,804,Clouds,overcast clouds,04n
Count: 168,200,2802985,0.005093397,168,1588557600,284.15,282.44,1015,87,283.71,284.82,2.1,90,90,804,Clouds,overcast clouds,04n
Count: 168,200,2802985,0.005093397,168,1588561200,284.06,282.75,1015,87,283.71,284.82,1.5,120,90,310,Drizzle,light intensity drizzle rain,09n
Count: 168,200,2802985,0.005093397,168,1588564800,284.26,283.96,1006,100,283.71,284.82,0.94,66,100,500,Rain,light rain,10d
Count: 168,200,2802985,0.005093397,168,1588568400,284.26,283.36,1007,100,283.71,284.82,1.79,52,100,500,Rain,light rain,10d
Count: 168,200,2802985,0.005093397,168,1588572000,283.89,282.58,1008,100,283.71,284.26,2.23,45,100,501,Rain,moderate rain,10d
Count: 168,200,2802985,0.005093397,168,1588575600,283.71,283.59,1008,100,283.15,284.26,0.45,0,100,500,Rain,light rain,10d
Count: 168,200,2802985,0.005093397,168,1588579200,283.67,283.03,1016,95,283.15,284.26,0.89,13,100,500,Rain,light rain,10d
Count: 168,200,2802985,0.005093397,168,1588582800,283.86,283.22,1017,94,283.15,284.26,0.89,44,100,500,Rain,light rain,10d
Count: 168,200,2802985,0.005093397,168,1588586400,284.24,283.66,1017,93,283.71,284.82,0.89,35,100,500,Rain,light rain,10d
Count: 168,200,2802985,0.005093397,168,1588590000,285.47,285.05,1018,89,283.71,287.04,0.89,9,100,500,Rain,light rain,10d
Count: 168,200,2802985,0.005093397,168,1588593600,286.03,285.67,1018,87,284.26,287.04,0.89,99,100,804,Clouds,overcast clouds,04d
Count: 168,200,2802985,0.005093397,168,1588597200,287.85,287.1,1018,76,285.93,289.26,1.34,113,71,803,Clouds,broken clouds,04d
Count: 168,200,2802985,0.005093397,168,1588600800,288.45,286.32,1018,60,287.59,289.26,2.24,9,67,500,Rain,light rain,10d
Count: 168,200,2802985,0.005093397,168,1588604400,288.61,286.74,1018,64,287.04,290.37,2.24,126,59,500,Rain,light rain,10d
Count: 168,200,2802985,0.005093397,168,1588608000,288.42,286.45,1018,63,286.48,290.37,2.24,72,52,803,Clouds,broken clouds,04d
Count: 168,200,2802985,0.005093397,168,1588611600,288.29,285.61,1018,51,287.59,289.26,2.24,329,42,802,Clouds,scattered clouds,03d
Count: 168,200,2802985,0.005093397,168,1588615200,287.57,285.76,1018,52,287.04,288.15,0.89,152,35,802,Clouds,scattered clouds,03d
Count: 168,200,2802985,0.005093397,168,1588618800,285.07,284.11,1018,73,283.15,286.48,0.45,68,0,800,Clear,clear sky,01n
Count: 168,200,2802985,0.005093397,168,1588622400,282.61,279.78,1019,84,279.82,284.82,3.01,45,1,800,Clear,clear sky,01n
Count: 168,200,2802985,0.005093397,168,1588626000,280.94,278.02,1019,90,278.15,282.59,2.94,51,18,801,Clouds,few clouds,02n
Count: 168,200,2802985,0.005093397,168,1588629600,280.93,278.01,1020,93,277.59,283.15,3.08,54,13,801,Clouds,few clouds,02n
Count: 168,200,2802985,0.005093397,168,1588633200,279.61,276.19,1020,94,276.48,282.04,3.44,58,11,801,Clouds,few clouds,02n
Count: 168,200,2802985,0.005093397,168,1588636800,279.73,276.61,1020,95,276.48,282.04,3.09,72,13,801,Clouds,few clouds,02n
Count: 168,200,2802985,0.005093397,168,1588640400,280.07,274.96,1020,75,279.26,281.48,5.1,40,0,800,Clear,clear sky,01n
Count: 168,200,2802985,0.005093397,168,1588644000,280.19,277.09,1011,100,279.82,280.93,3.44,76,29,802,Clouds,scattered clouds,03n
Count: 168,200,2802985,0.005093397,168,1588647600,278.82,274.54,1020,86,278.15,279.82,4.1,50,35,802,Clouds,scattered clouds,03n
Count: 168,200,2802985,0.005093397,168,1588651200,278.27,274.24,1020,86,278.15,278.71,3.6,40,52,803,Clouds,broken clouds,04d
Count: 168,200,2802985,0.005093397,168,1588654800,279.64,276.04,1012,100,279.26,279.82,3.98,69,61,803,Clouds,broken clouds,04d
Count: 168,200,2802985,0.005093397,168,1588658400,280.38,276.82,1012,100,279.82,280.93,4.16,74,67,803,Clouds,broken clouds,04d
Count: 168,200,2802985,0.005093397,168,1588662000,281.29,277.65,1012,100,280.93,281.48,4.58,68,100,804,Clouds,overcast clouds,04d
Count: 168,200,2802985,0.005093397,168,1588665600,282.96,279.03,1012,100,282.59,283.15,5.61,64,100,804,Clouds,overcast clouds,04d
Count: 168,200,2802985,0.005093397,168,1588669200,283.78,280.56,1019,63,282.59,284.82,2.68,86,100,804,Clouds,overcast clouds,04d
Count: 168,200,2802985,0.005093397,168,1588672800,284.82,281.79,1019,63,284.82,284.82,2.68,32,100,804,Clouds,overcast clouds,04d
Count: 168,200,2802985,0.005093397,168,1588676400,286.1,282.83,1019,53,285.93,286.48,2.68,21,100,804,Clouds,overcast clouds,04d
Count: 168,200,2802985,0.005093397,168,1588680000,287.04,283.46,1019,44,287.04,287.04,2.68,9,91,804,Clouds,overcast clouds,04d
Count: 168,200,2802985,0.005093397,168,1588683600,287.56,283.32,1019,36,287.04,288.15,3.13,36,0,800,Clear,clear sky,01d
Count: 168,200,2802985,0.005093397,168,1588687200,288.12,284.21,1019,35,287.59,288.71,2.68,323,1,800,Clear,clear sky,01d
Count: 168,200,2802985,0.005093397,168,1588690800,288.29,284.4,1019,35,287.59,288.71,2.68,14,0,800,Clear,clear sky,01d
Count: 168,200,2802985,0.005093397,168,1588694400,287.91,284.02,1019,36,287.04,288.71,2.68,57,0,800,Clear,clear sky,01d
Count: 168,200,2802985,0.005093397,168,1588698000,287.57,283.95,1019,36,287.04,288.15,2.24,29,0,800,Clear,clear sky,01d
Count: 168,200,2802985,0.005093397,168,1588701600,286.66,283.08,1019,39,286.48,287.04,2.24,84,0,800,Clear,clear sky,01d
Count: 168,200,2802985,0.005093397,168,1588705200,284.75,282.42,1019,51,283.71,285.93,0.89,42,0,800,Clear,clear sky,01n
Count: 168,200,2802985,0.005093397,168,1588708800,282.25,278.69,1020,70,279.82,284.26,3.18,50,0,800,Clear,clear sky,01n
Count: 168,200,2802985,0.005093397,168,1588712400,280.2,277.02,1021,80,277.59,282.59,2.61,81,0,800,Clear,clear sky,01n
Count: 168,200,2802985,0.005093397,168,1588716000,278.98,276.92,1022,84,277.04,280.37,0.89,138,0,800,Clear,clear sky,01n
Count: 168,200,2802985,0.005093397,168,1588719600,278.33,274.92,1022,88,275.37,280.93,2.82,106,0,800,Clear,clear sky,01n
Count: 168,200,2802985,0.005093397,168,1588723200,277.87,274.48,1022,89,275.37,280.37,2.72,100,0,800,Clear,clear sky,01n
Count: 168,200,2802985,0.005093397,168,1588726800,277.01,273.15,1022,89,275.37,278.15,3.17,95,0,800,Clear,clear sky,01n
Count: 168,200,2802985,0.005093397,168,1588730400,277.24,273.93,1023,80,276.48,278.15,2.1,70,3,800,Clear,clear sky,01n
Count: 168,200,2802985,0.005093397,168,1588734000,277.17,273.85,1023,80,277.04,277.59,2.1,60,5,800,Clear,clear sky,01n
Count: 168,200,2802985,0.005093397,168,1588737600,277.6,274.64,1015,100,277.04,278.15,2.47,95,6,800,Clear,clear sky,01d
Count: 168,200,2802985,0.005093397,168,1588741200,277.62,273.67,1023,80,277.04,278.71,3.1,80,6,800,Clear,clear sky,01d
Count: 168,200,2802985,0.005093397,168,1588744800,280.55,278.16,1016,100,279.82,282.04,2.55,89,5,800,Clear,clear sky,01d
Count: 168,200,2802985,0.005093397,168,1588748400,282.21,281.69,1016,100,281.48,282.59,0.45,0,0,800,Clear,clear sky,01d
Count: 168,200,2802985,0.005093397,168,1588752000,285.62,281.46,1024,36,283.15,287.04,2.68,135,0,800,Clear,clear sky,01d
Count: 168,200,2802985,0.005093397,168,1588755600,286.46,285.01,1017,100,284.82,287.59,3.55,86,0,800,Clear,clear sky,01d
Count: 168,200,2802985,0.005093397,168,1588759200,287.63,285.38,1026,38,285.93,289.26,0.45,101,0,800,Clear,clear sky,01d
Count: 168,200,2802985,0.005093397,168,1588762800,289.07,285.1,1024,32,288.15,289.82,2.68,50,0,800,Clear,clear sky,01d
Count: 168,200,2802985,0.005093397,168,1588766400,289.44,285.52,1024,32,289.26,289.82,2.68,50,0,800,Clear,clear sky,01d
Count: 168,200,2802985,0.005093397,168,1588770000,290.55,292.47,1016,100,290.37,290.93,0.89,336,0,800,Clear,clear sky,01d
Count: 168,200,2802985,0.005093397,168,1588773600,290.75,288.51,1025,36,290.37,290.93,0.89,194,0,800,Clear,clear sky,01d
Count: 168,200,2802985,0.005093397,168,1588777200,290.63,286.13,1024,36,289.82,291.48,4.1,60,0,800,Clear,clear sky,01d
Count: 168,200,2802985,0.005093397,168,1588780800,290.35,286.54,1023,32,289.82,290.93,2.68,23,0,800,Clear,clear sky,01d
Count: 168,200,2802985,0.005093397,168,1588784400,289.96,286.54,1023,34,289.26,290.93,2.24,46,0,800,Clear,clear sky,01d
Count: 168,200,2802985,0.005093397,168,1588788000,289.44,287.01,1023,36,289.26,289.82,0.89,357,0,800,Clear,clear sky,01d
Count: 168,200,2802985,0.005093397,168,1588791600,286.94,284.29,1024,53,285.37,288.15,2.0,54,0,800,Clear,clear sky,01n
Count: 168,200,2802985,0.005093397,168,1588795200,283.05,280.62,1024,68,281.48,284.82,1.66,82,0,800,Clear,clear sky,01n
Count: 168,200,2802985,0.005093397,168,1588798800,281.0,278.69,1024,78,279.26,283.15,1.49,99,0,800,Clear,clear sky,01n
Count: 168,200,2802985,0.005093397,168,1588802400,279.93,277.62,1025,81,278.15,282.04,1.35,108,0,800,Clear,clear sky,01n
Count: 168,200,2802985,0.005093397,168,1588806000,279.21,276.93,1025,85,277.59,281.48,1.3,101,0,800,Clear,clear sky,01n
Count: 168,200,2802985,0.005093397,168,1588809600,278.89,276.63,1026,86,277.59,280.37,1.24,92,0,800,Clear,clear sky,01n
Count: 168,200,2802985,0.005093397,168,1588813200,278.77,275.2,1025,75,277.59,279.26,2.6,50,0,800,Clear,clear sky,01n
Count: 168,200,2802985,0.005093397,168,1588816800,279.04,275.51,1025,75,277.59,280.37,2.6,60,0,800,Clear,clear sky,01n
Count: 168,200,2802985,0.005093397,168,1588820400,278.48,275.22,1025,75,277.04,279.26,2.1,90,0,800,Clear,clear sky,01n
Count: 168,200,2802985,0.005093397,168,1588824000,278.16,274.69,1016,58,276.48,279.82,1.63,149,0,800,Clear,clear sky,01d
Count: 168,200,2802985,0.005093397,168,1588827600,278.15,275.75,1024,80,277.59,278.71,1.0,0,0,800,Clear,clear sky,01d
Count: 168,200,2802985,0.005093397,168,1588831200,281.49,278.54,1016,46,280.37,283.15,0.88,191,0,800,Clear,clear sky,01d
Count: 168,200,2802985,0.005093397,168,1588834800,284.05,282.18,1017,57,282.59,285.93,0.45,207,0,800,Clear,clear sky,01d
Count: 168,200,2802985,0.005093397,168,1588838400,288.71,287.19,1024,48,288.71,288.71,0.45,319,0,800,Clear,clear sky,01d
Count: 168,200,2802985,0.005093397,168,1588842000,289.66,286.95,1024,31,287.04,290.93,0.89,292,0,800,Clear,clear sky,01d
Count: 168,200,2802985,0.005093397,168,1588845600,291.31,288.01,1024,33,290.93,291.48,2.24,306,0,800,Clear,clear sky,01d
Count: 168,200,2802985,0.005093397,168,1588849200,291.91,288.55,1024,31,289.82,293.15,2.24,309,4,800,Clear,clear sky,01d
Count: 168,200,2802985,0.005093397,168,1588852800,292.92,289.55,1023,33,291.48,294.82,2.68,345,3,800,Clear,clear sky,01d
Count: 168,200,2802985,0.005093397,168,1588856400,294.29,291.2,1022,30,293.71,294.82,2.24,288,74,803,Clouds,broken clouds,04d
Count: 168,200,2802985,0.005093397,168,1588860000,294.61,291.65,1022,31,294.26,295.37,2.24,296,87,804,Clouds,overcast clouds,04d
Count: 168,200,2802985,0.005093397,168,1588863600,294.41,291.28,1021,33,293.71,295.37,2.68,338,91,804,Clouds,overcast clouds,04d
Count: 168,200,2802985,0.005093397,168,1588867200,294.04,291.01,1021,35,293.15,294.82,2.68,336,93,804,Clouds,overcast clouds,04d
Count: 168,200,2802985,0.005093397,168,1588870800,293.15,290.61,1021,28,292.59,294.26,1.0,0,95,804,Clouds,overcast clouds,04d
Count: 168,200,2802985,0.005093397,168,1588874400,292.18,290.75,1020,44,291.48,292.59,0.89,19,96,804,Clouds,overcast clouds,04d
Count: 168,200,2802985,0.005093397,168,1588878000,289.59,288.91,1020,59,288.15,290.93,0.45,112,100,804,Clouds,overcast clouds,04n
Count: 168,200,2802985,0.005093397,168,1588881600,286.56,285.76,1020,72,284.82,288.15,0.64,150,100,804,Clouds,overcast clouds,04n
Count: 168,200,2802985,0.005093397,168,1588885200,285.65,284.68,1020,77,283.71,288.15,0.93,155,100,804,Clouds,overcast clouds,04n
Count: 168,200,2802985,0.005713175,168,1588888800,284.53,283.1,1020,79,282.59,287.04,1.33,172,100,804,Clouds,overcast clouds,04n
Count: 168,200,2802985,0.005713175,168,1588892400,283.86,282.45,1020,82,282.04,286.48,1.27,183,100,804,Clouds,overcast clouds,04n
Count: 168,200,2802985,0.005713175,168,1588896000,283.34,280.95,1011,59,282.04,285.37,1.16,193,100,804,Clouds,overcast clouds,04n
Count: 168,200,2802985,0.005713175,168,1588899600,282.79,280.41,1011,58,281.48,284.26,0.96,160,93,804,Clouds,overcast clouds,04n
Count: 168,200,2802985,0.005713175,168,1588903200,282.2,280.78,1020,88,280.93,283.71,1.09,159,97,804,Clouds,overcast clouds,04n
Count: 168,200,2802985,0.005713175,168,1588906800,281.87,279.05,1011,53,280.93,283.15,1.13,170,98,804,Clouds,overcast clouds,04n
Count: 168,200,2802985,0.005713175,168,1588910400,281.5,278.83,1010,52,280.93,282.59,0.79,155,98,804,Clouds,overcast clouds,04d
Count: 168,200,2802985,0.005713175,168,1588914000,282.06,279.47,1010,53,281.48,282.59,0.83,158,99,804,Clouds,overcast clouds,04d
Count: 168,200,2802985,0.005713175,168,1588917600,283.7,281.53,1011,53,283.15,284.26,0.56,159,97,804,Clouds,overcast clouds,04d
Count: 168,200,2802985,0.005713175,168,1588921200,286.1,283.99,1011,51,284.82,287.04,0.88,37,99,804,Clouds,overcast clouds,04d
Count: 168,200,2802985,0.005713175,168,1588924800,291.17,289.68,1019,46,290.37,292.04,0.89,235,82,803,Clouds,broken clouds,04d
Count: 168,200,2802985,0.005713175,168,1588928400,292.09,288.66,1018,34,290.37,293.15,2.68,6,61,803,Clouds,broken clouds,04d
Count: 168,200,2802985,0.005713175,168,1588932000,292.77,295.97,1012,100,291.48,293.71,0.45,0,71,803,Clouds,broken clouds,04d
Count: 168,200,2802985,0.005713175,168,1588935600,293.72,290.08,1018,32,292.04,294.82,3.13,25,77,803,Clouds,broken clouds,04d
Count: 168,200,2802985,0.005713175,168,1588939200,295.19,292.19,1017,33,294.26,295.93,2.68,59,80,803,Clouds,broken clouds,04d
Count: 168,200,2802985,0.005713175,168,1588942800,295.72,293.0,1017,35,295.37,295.93,2.68,22,94,804,Clouds,overcast clouds,04d
Count: 168,200,2802985,0.005713175,168,1588946400,295.34,292.23,1017,35,294.82,295.93,3.13,11,97,804,Clouds,overcast clouds,04d
Count: 168,200,2802985,0.005713175,168,1588950000,295.34,292.85,1016,35,294.82,295.93,2.24,109,98,804,Clouds,overcast clouds,04d
Count: 168,200,2802985,0.005713175,168,1588953600,294.96,292.49,1016,36,294.26,295.37,2.24,90,98,804,Clouds,overcast clouds,04d
Count: 168,200,2802985,0.005713175,168,1588957200,294.23,291.79,1015,38,293.71,294.82,2.24,90,99,804,Clouds,overcast clouds,04d
Count: 168,200,2802985,0.005713175,168,1588960800,293.12,291.72,1015,42,292.59,293.71,0.89,354,99,804,Clouds,overcast clouds,04d
Count: 168,200,2802985,0.005713175,168,1588964400,290.46,288.29,1015,57,288.71,292.04,2.68,60,93,804,Clouds,overcast clouds,04d
Count: 168,200,2802985,0.005713175,168,1588968000,288.48,287.84,1015,64,287.04,289.82,0.45,111,88,804,Clouds,overcast clouds,04n
Count: 168,200,2802985,0.005713175,168,1588971600,286.24,284.41,1015,71,285.37,287.04,1.93,83,90,804,Clouds,overcast clouds,04n
Count: 168,200,2802985,0.005713175,168,1588975200,285.32,283.56,1015,74,284.26,286.48,1.74,90,86,804,Clouds,overcast clouds,04n
Count: 168,200,2802985,0.005713175,168,1588978800,285.16,283.25,1015,74,284.26,285.93,1.9,85,85,804,Clouds,overcast clouds,04n
Count: 168,200,2802985,0.005713175,168,1588982400,285.92,283.37,1007,61,285.37,286.48,2.16,91,83,803,Clouds,broken clouds,04n
Count: 168,200,2802985,0.005713175,168,1588986000,285.01,282.82,1007,60,284.26,285.93,1.34,189,100,804,Clouds,overcast clouds,04n
Count: 168,200,2802985,0.005713175,168,1588989600,284.43,282.49,1013,77,283.71,285.37,1.9,105,88,804,Clouds,overcast clouds,04n
Count: 168,200,2802985,0.005713175,168,1588993200,284.82,282.34,1005,59,284.26,285.37,1.64,105,89,804,Clouds,overcast clouds,04n
Count: 168,200,2802985,0.005713175,168,1588996800,284.82,282.66,1005,59,284.26,285.37,1.18,117,92,804,Clouds,overcast clouds,04d
Count: 168,200,2802985,0.005713175,168,1589000400,285.37,283.16,1006,59,285.37,285.37,1.4,105,92,804,Clouds,overcast clouds,04d
Count: 168,200,2802985,0.005713175,168,1589004000,286.3,284.43,1005,59,285.93,286.48,1.16,102,93,804,Clouds,overcast clouds,04d
Count: 168,200,2802985,0.005713175,168,1589007600,287.78,286.49,1006,62,287.59,288.15,0.98,100,100,804,Clouds,overcast clouds,04d
Count: 168,200,2802985,0.005713175,168,1589011200,290.02,288.81,1013,59,289.82,290.37,1.35,62,100,804,Clouds,overcast clouds,04d
Count: 168,200,2802985,0.005713175,168,1589014800,292.62,291.17,1013,52,292.04,293.15,1.89,57,100,804,Clouds,overcast clouds,04d
Count: 168,200,2802985,0.005713175,168,1589018400,293.7,297.35,1006,100,293.15,294.82,0.45,304,100,804,Clouds,overcast clouds,04d
Count: 168,200,2802985,0.005713175,168,1589022000,294.81,299.02,1005,100,294.26,295.37,0.45,317,100,804,Clouds,overcast clouds,04d
Count: 168,200,2802985,0.005713175,168,1589025600,296.29,300.4,1004,100,295.93,297.04,1.73,64,100,500,Rain,light rain,10d
Count: 168,200,2802985,0.005713175,168,1589029200,296.55,294.39,1012,46,295.93,297.59,3.6,50,100,804,Clouds,overcast clouds,04d
Count: 168,200,2802985,0.005713175,168,1589032800,297.82,295.53,1011,38,297.04,298.71,3.1,60,100,804,Clouds,overcast clouds,04d
Count: 168,200,2802985,0.005713175,168,1589036400,296.46,296.05,1010,58,293.15,298.71,2.68,198,99,804,Clouds,overcast clouds,04d
Count: 168,200,2802985,0.005713175,168,1589040000,296.49,297.53,1010,60,293.71,298.71,0.89,201,90,804,Clouds,overcast clouds,04d
Count: 168,200,2802985,0.005713175,168,1589043600,295.97,296.16,1009,62,293.71,297.59,2.11,102,88,804,Clouds,overcast clouds,04d
Count: 168,200,2802985,0.005713175,168,1589047200,294.53,295.91,1009,68,292.59,295.93,0.45,144,90,804,Clouds,overcast clouds,04d
Count: 168,200,2802985,0.005713175,168,1589050800,292.5,292.85,1009,76,290.93,293.71,1.81,126,62,803,Clouds,broken clouds,04d
Count: 168,200,2802985,0.005713175,168,1589054400,290.58,288.26,1009,48,289.26,292.15,2.1,130,36,802,Clouds,scattered clouds,03n
Count: 168,200,2802985,0.005713175,168,1589058000,288.78,287.73,1009,81,287.04,290.37,2.55,145,28,802,Clouds,scattered clouds,03n
Count: 168,200,2802985,0.005713175,168,1589061600,288.26,288.05,1009,78,287.04,289.26,0.89,90,25,802,Clouds,scattered clouds,03n
Count: 168,200,2802985,0.005713175,168,1589065200,286.54,285.48,1008,86,284.26,288.15,2.02,135,40,802,Clouds,scattered clouds,03n
Count: 168,200,2802985,0.005713175,168,1589068800,285.51,284.32,1008,88,283.71,287.04,1.93,132,49,802,Clouds,scattered clouds,03n
Count: 168,200,2802985,0.005713175,168,1589072400,286.53,284.35,1007,72,285.37,288.15,2.6,170,100,804,Clouds,overcast clouds,04n
Count: 168,200,2802985,0.005713175,168,1589076000,286.0,284.77,1007,71,285.37,287.15,1.0,150,100,804,Clouds,overcast clouds,04n
Count: 168,200,2802985,0.005713175,168,1589079600,286.05,284.6,1006,82,285.37,287.04,2.1,140,100,804,Clouds,overcast clouds,04n
Count: 168,200,2802985,0.005713175,168,1589083200,285.3,284.43,1006,82,284.82,286.15,1.0,120,100,804,Clouds,overcast clouds,04d
Count: 168,200,2802985,0.005713175,168,1589086800,286.68,284.55,998,56,285.93,287.59,1.42,159,100,804,Clouds,overcast clouds,04d
Count: 168,200,2802985,0.005713175,168,1589090400,287.41,285.53,998,55,287.04,287.59,1.18,175,95,804,Clouds,overcast clouds,04d
Count: 168,200,2802985,0.005713175,168,1589094000,288.34,286.52,997,53,288.15,288.71,1.19,212,66,803,Clouds,broken clouds,04d
Count: 168,200,2802985,0.005713175,168,1589097600,289.26,288.9,1006,79,289.26,289.26,1.61,252,84,803,Clouds,broken clouds,04d
Count: 168,200,2802985,0.005713175,168,1589101200,290.17,290.53,1006,78,289.82,290.37,0.89,297,89,804,Clouds,overcast clouds,04d
Count: 168,200,2802985,0.005713175,168,1589104800,290.49,291.54,1006,87,289.26,291.48,0.89,321,90,804,Clouds,overcast clouds,04d
Count: 168,200,2802985,0.005713175,168,1589108400,290.11,291.21,1006,90,288.71,292.04,0.89,18,91,500,Rain,light rain,10d
Count: 168,200,2802985,0.005713175,168,1589112000,290.94,290.93,1006,87,288.15,292.59,2.64,340,90,500,Rain,light rain,10d
Count: 168,200,2802985,0.005713175,168,1589115600,291.54,292.11,1006,89,288.71,293.71,2.32,8,100,804,Clouds,overcast clouds,04d
Count: 168,200,2802985,0.005713175,168,1589119200,292.75,292.23,1005,74,292.04,293.71,2.96,13,85,500,Rain,light rain,10d
Count: 168,200,2802985,0.005713175,168,1589122800,291.92,292.86,1005,78,289.82,293.15,0.89,345,66,803,Clouds,broken clouds,04d
Count: 168,200,2802985,0.005713175,168,1589126400,292.33,292.73,1005,73,290.93,293.15,1.34,348,72,500,Rain,light rain,10d
Count: 168,200,2802985,0.005713175,168,1589130000,291.98,293.01,1005,79,290.93,292.59,0.89,330,77,803,Clouds,broken clouds,04d
Count: 168,200,2802985,0.005713175,168,1589133600,291.15,289.95,1005,68,290.37,292.04,2.6,20,80,803,Clouds,broken clouds,04d
Count: 168,200,2802985,0.005713175,168,1589137200,287.97,283.86,1005,89,287.59,288.15,7.22,22,100,804,Clouds,overcast clouds,04d
Count: 168,200,2802985,0.005713175,168,1589140800,285.95,283.13,1007,82,285.37,286.48,4.02,8,99,804,Clouds,overcast clouds,04n
Count: 168,200,2802985,0.005713175,168,1589144400,283.89,281.4,1008,87,283.71,284.26,3.13,43,99,804,Clouds,overcast clouds,04n
Count: 168,200,2802985,0.005713175,168,1589148000,282.76,280.66,1008,88,282.59,283.15,2.24,48,99,804,Clouds,overcast clouds,04n
Count: 168,200,2802985,0.005713175,168,1589151600,281.94,280.36,1009,90,280.93,283.15,1.34,327,100,804,Clouds,overcast clouds,04n
Count: 168,200,2802985,0.005713175,168,1589155200,280.93,279.13,1009,90,280.93,280.93,1.34,327,100,500,Rain,light rain,10n
Count: 168,200,2802985,0.005713175,168,1589158800,279.49,271.96,1010,70,278.71,280.15,8.2,30,90,804,Clouds,overcast clouds,04n
Count: 168,200,2802985,0.005713175,168,1589162400,279.25,271.84,1010,75,278.71,279.82,8.2,40,90,804,Clouds,overcast clouds,04n
Count: 168,200,2802985,0.005713175,168,1589166000,279.15,271.91,1010,81,278.71,279.82,8.2,30,90,500,Rain,light rain,10n
Count: 168,200,2802985,0.005713175,168,1589169600,279.25,271.33,1010,70,278.71,279.82,8.7,30,90,804,Clouds,overcast clouds,04d
Count: 168,200,2802985,0.005713175,168,1589173200,279.15,270.76,1010,80,278.71,279.82,9.8,30,90,804,Clouds,overcast clouds,04d
Count: 168,200,2802985,0.005713175,168,1589176800,279.06,271.81,1010,70,278.15,279.82,7.7,30,90,804,Clouds,overcast clouds,04d
Count: 168,200,2802985,0.005713175,168,1589180400,279.34,270.98,1011,69,278.71,279.82,9.3,20,90,804,Clouds,overcast clouds,04d
Count: 168,200,2802985,0.005713175,168,1589184000,280.32,276.72,1009,68,279.26,280.93,2.68,39,100,804,Clouds,overcast clouds,04d
Count: 168,200,2802985,0.005713175,168,1589187600,281.97,277.74,1010,61,280.93,282.59,3.58,343,100,804,Clouds,overcast clouds,04d
Count: 168,200,2802985,0.005713175,168,1589191200,282.72,278.15,1009,57,281.48,283.71,4.02,355,95,804,Clouds,overcast clouds,04d
Count: 168,200,2802985,0.005713175,168,1589194800,284.03,279.45,1009,52,283.15,284.82,4.02,38,92,804,Clouds,overcast clouds,04d
Count: 168,200,2802985,0.005713175,168,1589198400,284.41,280.1,1010,50,283.71,284.82,3.58,81,91,804,Clouds,overcast clouds,04d
Count: 168,200,2802985,0.005713175,168,1589202000,285.1,280.8,1010,48,283.71,285.93,3.58,180,100,804,Clouds,overcast clouds,04d
Count: 168,200,2802985,0.005713175,168,1589205600,285.32,280.61,1010,45,284.26,285.93,4.02,328,80,803,Clouds,broken clouds,04d
Count: 168,200,2802985,0.005713175,168,1589209200,286.07,281.22,1011,40,285.37,286.48,4.02,333,67,803,Clouds,broken clouds,04d
Count: 168,200,2802985,0.005713175,168,1589212800,285.55,280.18,1011,37,285.37,285.93,4.47,346,50,802,Clouds,scattered clouds,03d
Count: 168,200,2802985,0.005713175,168,1589216400,284.61,280.16,1012,39,284.26,285.37,3.13,332,50,802,Clouds,scattered clouds,03d
Count: 168,200,2802985,0.005713175,168,1589220000,283.71,278.66,1013,42,283.71,283.71,4.02,339,46,802,Clouds,scattered clouds,03d
Count: 168,200,2802985,0.005713175,168,1589223600,283.16,278.05,1013,42,282.59,283.71,4.02,339,13,801,Clouds,few clouds,02d
Count: 168,200,2802985,0.005713175,168,1589227200,281.24,277.31,1016,46,280.37,282.04,2.24,345,6,800,Clear,clear sky,01n
Count: 168,200,2802985,0.005713175,168,1589230800,280.24,272.6,1017,42,279.82,280.93,7.2,20,4,800,Clear,clear sky,01n
Count: 168,200,2802985,0.005713175,168,1589234400,279.37,276.71,1017,53,278.15,280.37,0.45,56,3,800,Clear,clear sky,01n
Count: 168,200,2802985,0.005713175,168,1589238000,277.69,273.36,1018,69,275.37,279.26,3.21,21,2,800,Clear,clear sky,01n
Count: 168,200,2802985,0.005713175,168,1589241600,277.18,273.3,1018,69,275.37,278.71,2.48,24,2,800,Clear,clear sky,01n
Count: 168,200,2802985,0.005713175,168,1589245200,276.11,272.01,1019,69,275.37,277.15,2.6,10,0,800,Clear,clear sky,01n
Count: 168,200,2802985,0.005713175,168,1589248800,274.96,271.75,1020,80,274.26,275.37,1.5,330,0,800,Clear,clear sky,01n
Count: 168,200,2802985,0.005713175,168,1589252400,274.44,271.29,1020,86,273.71,275.37,1.5,320,0,800,Clear,clear sky,01n
Count: 168,200,2802985,0.005713175,168,1589256000,274.15,270.96,1020,86,273.15,274.82,1.5,360,0,800,Clear,clear sky,01d
Count: 168,200,2802985,0.005713175,168,1589259600,275.07,272.24,1020,81,274.26,277.04,1.0,0,0,800,Clear,clear sky,01d
Count: 168,200,2802985,0.005713175,168,1589263200,278.53,275.71,1012,61,277.59,279.26,0.89,0,0,800,Clear,clear sky,01d
Count: 168,200,2802985,0.005713175,168,1589266800,279.67,277.18,1020,80,278.15,281.48,1.5,200,4,800,Clear,clear sky,01d
Count: 168,200,2802985,0.005713175,168,1589270400,282.01,278.16,1020,54,281.48,282.59,2.68,337,0,800,Clear,clear sky,01d
Count: 168,200,2802985,0.005713175,168,1589274000,282.97,279.28,1019,47,282.59,283.15,2.24,286,7,800,Clear,clear sky,01d
Count: 168,200,2802985,0.005713175,168,1589277600,282.97,278.66,1019,47,282.59,283.15,3.13,301,14,801,Clouds,few clouds,02d
Count: 168,200,2802985,0.005713175,168,1589281200,283.86,280.29,1019,47,283.15,284.26,2.24,293,17,801,Clouds,few clouds,02d
Count: 168,200,2802985,0.005713175,168,1589284800,284.4,280.63,1018,48,283.71,284.82,2.68,23,15,801,Clouds,few clouds,02d
Count: 168,200,2802985,0.005713175,168,1589288400,284.93,281.5,1017,47,283.71,285.93,2.24,336,0,800,Clear,clear sky,01d
Count: 168,200,2802985,0.005713175,168,1589292000,285.89,282.1,1017,43,284.82,287.04,2.68,274,3,800,Clear,clear sky,01d
Count: 168,200,2802985,0.005713175,168,1589295600,285.51,281.4,1017,44,284.82,286.48,3.13,244,7,800,Clear,clear sky,01d
Count: 168,200,2802985,0.005713175,168,1589299200,285.87,281.76,1016,43,284.82,286.48,3.13,25,11,801,Clouds,few clouds,02d
Count: 168,200,2802985,0.005713175,168,1589302800,284.82,281.2,1016,43,284.82,284.82,2.24,328,17,801,Clouds,few clouds,02d
Count: 168,200,2802985,0.005713175,168,1589306400,284.79,281.21,1015,44,284.26,285.37,2.24,353,30,802,Clouds,scattered clouds,03d
Count: 168,200,2802985,0.005713175,168,1589310000,283.54,279.88,1015,46,282.59,284.26,2.24,1,100,804,Clouds,overcast clouds,04d
Count: 168,200,2802985,0.005713175,168,1589313600,280.53,277.23,1015,66,279.82,281.48,2.19,10,99,804,Clouds,overcast clouds,04n
Count: 168,200,2802985,0.005713175,168,1589317200,280.0,277.3,1015,66,279.82,280.37,1.22,26,100,804,Clouds,overcast clouds,04n
Count: 168,200,2802985,0.005713175,168,1589320800,278.9,276.53,1015,70,278.71,279.26,0.7,57,99,804,Clouds,overcast clouds,04n
Count: 168,200,2802985,0.005713175,168,1589324400,278.12,275.92,1015,75,276.48,279.26,0.5,0,99,804,Clouds,overcast clouds,04n
Count: 168,200,2802985,0.005713175,168,1589328000,278.38,276.02,1015,80,278.15,278.71,1.0,170,96,804,Clouds,overcast clouds,04n
Count: 168,200,2802985,0.005713175,168,1589331600,277.53,275.2,1015,86,276.48,278.71,1.0,190,43,802,Clouds,scattered clouds,03n
Count: 168,200,2802985,0.005713175,168,1589335200,276.44,273.93,1014,86,275.37,277.59,1.0,220,55,803,Clouds,broken clouds,04n
Count: 168,200,2802985,0.005713175,168,1589338800,275.77,272.81,1014,86,274.26,276.48,1.5,330,64,803,Clouds,broken clouds,04n
Count: 168,200,2802985,0.005713175,168,1589342400,275.55,273.43,1014,93,275.15,275.93,0.5,0,50,802,Clouds,scattered clouds,03d
Count: 168,200,2802985,0.005713175,168,1589346000,275.67,273.13,1014,75,275.15,276.48,0.5,60,41,802,Clouds,scattered clouds,03d
Count: 168,200,2802985,0.005713175,168,1589349600,279.64,277.22,1006,58,278.15,280.93,0.39,98,39,802,Clouds,scattered clouds,03d
Count: 168,200,2802985,0.005713175,168,1589353200,281.38,278.42,1014,70,281.15,281.48,2.1,150,73,803,Clouds,broken clouds,04d
Count: 168,200,2802985,0.005713175,168,1589356800,284.25,280.73,1013,47,283.15,285.37,2.24,356,81,803,Clouds,broken clouds,04d
Count: 168,200,2802985,0.005713175,168,1589360400,284.4,280.59,1013,47,283.71,285.37,2.68,5,58,803,Clouds,broken clouds,04d
Count: 168,200,2802985,0.005713175,168,1589364000,284.78,280.93,1013,45,284.26,285.37,2.68,353,68,803,Clouds,broken clouds,04d
Count: 168,200,2802985,0.005713175,168,1589367600,286.42,282.96,1012,42,285.37,287.59,2.24,358,74,803,Clouds,broken clouds,04d
Count: 168,200,2802985,0.005713175,168,1589371200,286.81,283.3,1012,40,285.93,287.59,2.24,160,78,803,Clouds,broken clouds,04d
Count: 168,200,2802985,0.005713175,168,1589374800,286.63,283.73,1011,40,285.93,287.04,1.34,337,100,804,Clouds,overcast clouds,04d
Count: 168,200,2802985,0.005713175,168,1589378400,287.07,283.44,1011,37,286.48,287.59,2.24,154,96,804,Clouds,overcast clouds,04d
Count: 168,200,2802985,0.005713175,168,1589382000,285.41,281.6,1010,44,284.82,285.93,2.68,337,93,804,Clouds,overcast clouds,04d
Count: 168,200,2802985,0.005713175,168,1589385600,284.64,280.9,1011,62,284.26,284.82,3.58,333,77,500,Rain,light rain,10d
Count: 168,200,2802985,0.005713175,168,1589389200,284.06,281.74,1011,61,283.71,284.26,1.34,331,74,500,Rain,light rain,10d
Count: 168,200,2802985,0.005713175,168,1589392800,283.47,280.97,1012,59,282.59,284.26,1.34,25,75,803,Clouds,broken clouds,04d
Count: 168,200,2802985,0.005713175,168,1589396400,282.92,280.41,1012,61,282.04,283.71,1.34,86,95,804,Clouds,overcast clouds,04d
Count: 168,200,2802985,0.005713175,168,1589400000,282.3,275.64,1013,53,281.48,283.15,6.7,10,90,804,Clouds,overcast clouds,04n
Count: 168,200,2802985,0.005713175,168,1589403600,281.38,275.44,1014,57,280.93,282.15,5.7,30,88,804,Clouds,overcast clouds,04n
Count: 168,200,2802985,0.005713175,168,1589407200,280.87,274.82,1015,76,280.37,281.48,6.7,20,79,803,Clouds,broken clouds,04n
Count: 168,200,2802985,0.005713175,168,1589410800,279.61,273.72,1015,77,279.26,280.15,6.2,30,71,803,Clouds,broken clouds,04n
Count: 168,200,2802985,0.005713175,168,1589414400,278.88,272.11,1016,75,278.15,279.26,7.2,20,69,803,Clouds,broken clouds,04n
Count: 168,200,2802985,0.005713175,168,1589418000,278.06,271.74,1017,83,277.59,278.71,6.7,20,24,801,Clouds,few clouds,02n
Count: 168,200,2802985,0.005713175,168,1589421600,277.06,272.16,1017,87,276.48,277.59,4.6,10,12,801,Clouds,few clouds,02n
Count: 168,200,2802985,0.005713175,168,1589425200,276.59,270.92,1017,90,275.93,277.59,5.7,30,10,800,Clear,clear sky,01n
Count: 168,200,2802985,0.005713175,168,1589428800,275.45,270.48,1018,80,275.15,275.93,4.1,40,10,800,Clear,clear sky,01d
Count: 168,200,2802985,0.005713175,168,1589432400,277.22,273.07,1011,60,276.48,277.59,2.52,34,9,800,Clear,clear sky,01d
Count: 168,200,2802985,0.005713175,168,1589436000,278.53,275.68,1011,60,278.15,278.71,0.89,340,12,801,Clouds,few clouds,02d
Count: 168,200,2802985,0.005713175,168,1589439600,280.18,273.64,1019,65,279.26,280.93,6.7,50,7,800,Clear,clear sky,01d
Count: 168,200,2802985,0.005713175,168,1589443200,281.66,278.13,1019,64,281.48,282.04,2.68,59,3,800,Clear,clear sky,01d
Count: 168,200,2802985,0.005713175,168,1589446800,283.19,279.55,1019,55,281.48,284.26,2.68,56,2,800,Clear,clear sky,01d
Count: 168,200,2802985,0.005713175,168,1589450400,284.02,278.59,1020,50,283.15,284.82,5.1,40,4,800,Clear,clear sky,01d
Count: 168,200,2802985,0.005713175,168,1589454000,285.53,281.52,1018,46,284.82,285.93,3.13,12,4,800,Clear,clear sky,01d
Count: 168,200,2802985,0.005713175,168,1589457600,285.9,281.48,1018,43,285.37,286.48,3.58,348,3,800,Clear,clear sky,01d
Count: 168,200,2802985,0.005713175,168,1589461200,286.83,282.6,1018,38,286.48,287.04,3.13,110,6,800,Clear,clear sky,01d
Count: 168,200,2802985,0.005713175,168,1589464800,287.38,283.48,1017,37,287.04,287.59,2.68,24,6,800,Clear,clear sky,01d
Count: 168,200,2802985,0.005713175,168,1589468400,287.35,283.39,1017,36,286.48,288.15,2.68,65,7,800,Clear,clear sky,01d
Count: 168,200,2802985,0.005713175,168,1589472000,287.18,282.99,1017,38,286.48,287.59,3.13,3,7,800,Clear,clear sky,01d
Count: 168,200,2802985,0.005713175,168,1589475600,287.0,283.31,1017,36,286.48,287.59,2.24,95,6,800,Clear,clear sky,01d
Count: 168,200,2802985,0.005713175,168,1589479200,285.86,279.84,1018,32,285.37,286.48,5.1,60,5,800,Clear,clear sky,01d
Count: 168,200,2802985,0.005713175,168,1589482800,284.79,281.97,1017,40,284.26,285.37,0.89,351,0,800,Clear,clear sky,01d
Count: 168,200,2802985,0.005713175,168,1589486400,281.73,279.28,1018,59,279.82,283.15,0.89,90,0,800,Clear,clear sky,01n
Count: 168,200,2802985,0.005713175,168,1589490000,280.53,278.31,1018,71,277.04,283.15,0.89,94,0,800,Clear,clear sky,01n
Count: 168,200,2802985,0.009276262,168,1589493600,279.59,275.72,1018,79,275.93,282.04,3.4,44,0,800,Clear,clear sky,01n
Count: 168,200,2802985,0.009276262,168,1589497200,278.42,274.66,1018,80,275.37,280.37,3.01,52,0,800,Clear,clear sky,01n
Count: 168,200,2802985,0.009276262,168,1589500800,279.59,274.56,1019,80,278.71,280.37,5.1,20,0,800,Clear,clear sky,01n
Count: 168,200,2802985,0.009276262,168,1589504400,278.96,273.88,1019,82,278.15,279.82,5.1,20,0,800,Clear,clear sky,01n
Count: 168,200,2802985,0.009276262,168,1589508000,278.21,272.3,1019,84,277.59,279.15,6.2,30,0,800,Clear,clear sky,01n
Count: 168,200,2802985,0.009276262,168,1589511600,276.78,271.78,1019,85,275.93,278.15,4.6,30,0,800,Clear,clear sky,01n
Count: 168,200,2802985,0.009276262,168,1589515200,276.25,271.89,1019,86,275.37,277.59,3.6,40,0,800,Clear,clear sky,01d
Count: 168,200,2802985,0.009276262,168,1589518800,277.2,272.94,1020,84,275.37,278.71,3.6,30,0,800,Clear,clear sky,01d
Count: 168,200,2802985,0.009276262,168,1589522400,279.45,275.13,1012,62,278.71,280.37,3.24,39,0,800,Clear,clear sky,01d
Count: 168,200,2802985,0.009276262,168,1589526000,280.38,275.9,1013,63,279.82,280.93,3.71,33,0,800,Clear,clear sky,01d
Count: 168,200,2802985,0.009276262,168,1589529600,282.97,279.72,1020,58,282.04,283.71,2.24,347,0,800,Clear,clear sky,01d
Count: 168,200,2802985,0.009276262,168,1589533200,284.63,280.85,1020,54,283.71,285.37,3.13,335,0,800,Clear,clear sky,01d
Count: 168,200,2802985,0.009276262,168,1589536800,285.55,283.79,1015,67,284.82,285.93,1.34,359,0,800,Clear,clear sky,01d
Count: 168,200,2802985,0.009276262,168,1589540400,286.48,282.51,1021,44,285.93,287.04,3.13,344,0,800,Clear,clear sky,01d
Count: 168,200,2802985,0.009276262,168,1589544000,287.21,283.19,1021,41,287.04,287.59,3.13,324,0,800,Clear,clear sky,01d
Count: 168,200,2802985,0.009276262,168,1589547600,288.12,283.38,1021,37,287.59,288.71,4.02,345,0,800,Clear,clear sky,01d
Count: 168,200,2802985,0.009276262,168,1589551200,289.13,286.4,1022,37,288.15,289.82,1.34,86,0,800,Clear,clear sky,01d
Count: 168,200,2802985,0.009276262,168,1589554800,288.85,284.52,1021,37,288.15,289.26,3.58,12,0,800,Clear,clear sky,01d
Count: 168,200,2802985,0.009276262,168,1589558400,288.12,284.11,1021,39,287.59,288.71,3.13,61,0,800,Clear,clear sky,01d
Count: 168,200,2802985,0.009276262,168,1589562000,288.29,284.68,1021,40,287.59,289.26,2.68,83,2,800,Clear,clear sky,01d
Count: 168,200,2802985,0.009276262,168,1589565600,286.69,281.72,1022,44,285.93,287.59,4.6,10,5,800,Clear,clear sky,01d
Count: 168,200,2802985,0.009276262,168,1589569200,285.55,282.11,1022,50,285.37,285.93,2.59,22,0,800,Clear,clear sky,01d
Count: 168,200,2802985,0.009276262,168,1589572800,283.03,281.4,1022,67,280.93,284.82,0.45,74,0,800,Clear,clear sky,01n
Count: 168,200,2802985,0.009276262,168,1589576400,280.07,277.96,1023,76,278.15,282.04,0.87,74,0,800,Clear,clear sky,01n
Count: 168,200,2802985,0.009276262,168,1589580000,278.61,276.6,1023,82,277.04,280.93,0.63,90,0,800,Clear,clear sky,01n
Count: 168,200,2802985,0.009276262,168,1589583600,277.53,275.6,1023,85,275.93,279.26,0.38,84,0,800,Clear,clear sky,01n
Count: 168,200,2802985,0.009276262,168,1589587200,277.2,275.21,1023,85,275.93,278.71,0.39,127,0,800,Clear,clear sky,01n
Count: 168,200,2802985,0.009276262,168,1589590800,277.73,275.33,1023,70,275.93,279.15,0.5,20,0,800,Clear,clear sky,01n
Count: 168,200,2802985,0.009276262,168,1589594400,277.24,274.09,1023,86,276.48,278.15,2.1,180,0,800,Clear,clear sky,01n
Count: 168,200,2802985,0.009276262,168,1589598000,276.62,273.29,1023,83,275.93,277.59,2.1,180,0,800,Clear,clear sky,01n
Count: 168,200,2802985,0.009276262,168,1589601600,276.4,272.61,1022,80,275.93,277.15,2.6,190,0,800,Clear,clear sky,01d
Count: 168,200,2802985,0.009276262,168,1589605200,278.0,274.63,1023,86,276.48,280.37,2.6,190,0,800,Clear,clear sky,01d
Count: 168,200,2802985,0.009276262,168,1589608800,281.12,278.78,1016,61,279.26,283.15,0.71,199,0,800,Clear,clear sky,01d
Count: 168,200,2802985,0.009276262,168,1589612400,283.13,281.13,1016,60,282.04,284.82,0.6,195,0,800,Clear,clear sky,01d
Count: 168,200,2802985,0.009276262,168,1589616000,286.87,283.58,1024,44,285.93,287.59,2.24,340,0,800,Clear,clear sky,01d
Count: 168,200,2802985,0.009276262,168,1589619600,287.77,285.13,1023,42,287.04,288.71,1.34,233,22,801,Clouds,few clouds,02d
Count: 168,200,2802985,0.009276262,168,1589623200,288.54,285.22,1023,39,286.48,289.82,2.24,318,40,802,Clouds,scattered clouds,03d
Count: 168,200,2802985,0.009276262,168,1589626800,289.78,286.33,1023,39,289.26,290.37,2.68,312,52,803,Clouds,broken clouds,04d
Count: 168,200,2802985,0.009276262,168,1589630400,290.2,287.06,1022,38,289.82,290.37,2.24,326,60,803,Clouds,broken clouds,04d
Count: 168,200,2802985,0.009276262,168,1589634000,289.94,286.65,1022,41,288.71,290.93,2.68,308,100,804,Clouds,overcast clouds,04d
Count: 168,200,2802985,0.009276262,168,1589637600,290.33,287.04,1021,40,289.82,290.93,2.68,303,100,804,Clouds,overcast clouds,04d
Count: 168,200,2802985,0.009276262,168,1589641200,290.51,287.49,1021,39,289.82,291.48,2.24,271,94,804,Clouds,overcast clouds,04d
Count: 168,200,2802985,0.009276262,168,1589644800,290.51,286.86,1021,39,289.82,290.93,3.13,303,92,804,Clouds,overcast clouds,04d
Count: 168,200,2802985,0.009276262,168,1589648400,289.76,285.85,1021,42,289.26,290.37,3.6,280,83,803,Clouds,broken clouds,04d
Count: 168,200,2802985,0.009276262,168,1589652000,288.3,284.15,1021,48,287.59,289.15,4.1,330,78,803,Clouds,broken clouds,04d
Count: 168,200,2802985,0.009276262,168,1589655600,286.78,281.63,1021,47,285.93,287.15,5.1,320,61,803,Clouds,broken clouds,04d
Count: 168,200,2802985,0.009276262,168,1589659200,285.33,281.52,1022,58,285.15,285.37,3.6,320,44,802,Clouds,scattered clouds,03n
Count: 168,200,2802985,0.009276262,168,1589662800,283.35,279.19,1022,66,283.15,283.71,4.1,330,30,802,Clouds,scattered clouds,03n
Count: 168,200,2802985,0.009276262,168,1589666400,281.25,279.12,1022,78,280.37,282.59,1.3,303,23,801,Clouds,few clouds,02n
Count: 168,200,2802985,0.009276262,168,1589670000,280.36,278.32,1023,78,279.82,281.48,0.93,282,20,801,Clouds,few clouds,02n
Count: 168,200,2802985,0.009276262,168,1589673600,280.56,278.26,1023,81,280.15,280.93,1.5,290,19,801,Clouds,few clouds,02n
Count: 168,200,2802985,0.009276262,168,1589677200,279.43,277.46,1023,87,278.15,280.37,1.0,0,0,800,Clear,clear sky,01n
Count: 168,200,2802985,0.009276262,168,1589680800,278.36,276.37,1023,93,277.04,279.26,1.0,0,0,800,Clear,clear sky,01n
Count: 168,200,2802985,0.009276262,168,1589684400,278.38,276.75,1023,93,278.15,279.26,0.5,0,9,800,Clear,clear sky,01n
Count: 168,200,2802985,0.009276262,168,1589688000,277.43,275.11,1023,100,275.93,278.71,1.5,220,11,801,Clouds,few clouds,02d
Count: 168,200,2802985,0.009276262,168,1589691600,278.65,275.95,1023,93,277.15,280.93,2.1,200,9,800,Clear,clear sky,01d
Count: 168,200,2802985,0.009276262,168,1589695200,281.48,279.23,1016,57,280.37,282.59,0.45,0,8,800,Clear,clear sky,01d
Count: 168,200,2802985,0.009276262,168,1589698800,282.28,280.71,1023,79,279.82,283.71,0.84,249,0,800,Clear,clear sky,01d
Count: 168,200,2802985,0.009276262,168,1589702400,287.0,285.19,1024,54,286.48,287.59,0.89,45,2,800,Clear,clear sky,01d
Count: 168,200,2802985,0.009276262,168,1589706000,287.2,284.33,1025,51,285.93,288.71,2.24,7,1,800,Clear,clear sky,01d
Count: 168,200,2802985,0.009276262,168,1589709600,288.28,285.54,1025,50,287.59,289.82,2.24,19,1,800,Clear,clear sky,01d
Count: 168,200,2802985,0.009276262,168,1589713200,289.95,286.85,1025,44,289.26,291.48,2.68,209,1,800,Clear,clear sky,01d
Count: 168,200,2802985,0.009276262,168,1589716800,290.87,287.35,1024,40,289.82,292.04,3.13,350,1,800,Clear,clear sky,01d
Count: 168,200,2802985,0.009276262,168,1589720400,291.46,288.66,1024,40,290.37,292.04,2.24,224,11,801,Clouds,few clouds,02d
Count: 168,200,2802985,0.009276262,168,1589724000,291.69,288.26,1024,39,290.93,292.59,3.1,210,6,800,Clear,clear sky,01d
Count: 168,200,2802985,0.009276262,168,1589727600,291.77,289.33,1024,37,290.93,292.15,1.5,0,7,800,Clear,clear sky,01d
Count: 168,200,2802985,0.009276262,168,1589731200,291.8,288.92,1023,38,290.93,293.15,2.24,273,8,800,Clear,clear sky,01d
Count: 168,200,2802985,0.009276262,168,1589734800,291.83,287.93,1023,37,290.93,292.59,3.6,270,8,800,Clear,clear sky,01d
Count: 168,200,2802985,0.009276262,168,1589738400,291.21,287.91,1023,37,290.37,292.15,2.6,240,7,800,Clear,clear sky,01d
Count: 168,200,2802985,0.009276262,168,1589742000,289.02,287.05,1023,54,288.15,289.82,1.68,258,0,800,Clear,clear sky,01d
Count: 168,200,2802985,0.009276262,168,1589745600,285.48,283.93,1023,68,284.26,287.04,1.08,245,2,800,Clear,clear sky,01n
Count: 168,200,2802985,0.009276262,168,1589749200,283.64,282.46,1023,75,282.59,285.37,0.45,96,1,800,Clear,clear sky,01n
Count: 168,200,2802985,0.009276262,168,1589752800,282.7,280.02,1023,78,281.48,284.26,2.49,207,1,800,Clear,clear sky,01n
Count: 168,200,2802985,0.009276262,168,1589756400,282.38,280.75,1023,78,281.48,283.15,0.89,69,5,800,Clear,clear sky,01n
Count: 168,200,2802985,0.009276262,168,1589760000,282.22,279.76,1024,80,281.48,282.59,2.15,208,5,800,Clear,clear sky,01n
Count: 168,200,2802985,0.009276262,168,1589763600,282.63,280.55,1023,76,281.48,284.26,1.5,260,0,800,Clear,clear sky,01n
Count: 168,200,2802985,0.009276262,168,1589767200,281.86,279.27,1023,87,280.15,283.71,2.6,200,21,801,Clouds,few clouds,02n
Count: 168,200,2802985,0.009276262,168,1589770800,282.29,279.21,1023,81,282.04,282.59,3.1,200,36,802,Clouds,scattered clouds,03n
Count: 168,200,2802985,0.009276262,168,1589774400,283.34,280.28,1023,76,282.59,284.26,3.1,200,31,802,Clouds,scattered clouds,03d
Count: 168,200,2802985,0.009276262,168,1589778000,283.72,281.66,1015,61,283.15,284.82,0.89,353,39,802,Clouds,scattered clouds,03d
Count: 168,200,2802985,0.009276262,168,1589781600,285.56,283.56,1015,62,285.37,285.93,1.34,204,43,802,Clouds,scattered clouds,03d
Count: 168,200,2802985,0.009276262,168,1589785200,286.84,285.42,1016,62,286.48,287.04,0.89,294,85,804,Clouds,overcast clouds,04d
Count: 168,200,2802985,0.009276262,168,1589788800,289.93,287.57,1024,51,288.15,291.48,2.24,250,86,804,Clouds,overcast clouds,04d
Count: 168,200,2802985,0.009276262,168,1589792400,290.95,288.43,1024,50,289.82,291.48,2.68,266,85,804,Clouds,overcast clouds,04d
Count: 168,200,2802985,0.009276262,168,1589796000,291.12,290.59,1017,65,290.93,291.48,1.34,183,90,804,Clouds,overcast clouds,04d
Count: 168,200,2802985,0.009276262,168,1589799600,293.87,294.24,1017,66,292.59,294.82,1.34,197,92,804,Clouds,overcast clouds,04d
Count: 168,200,2802985,0.009276262,168,1589803200,294.46,294.8,1016,67,293.15,295.37,1.79,242,91,804,Clouds,overcast clouds,04d
Count: 168,200,2802985,0.009276262,168,1589806800,295.27,291.82,1023,43,294.15,296.48,4.6,260,1,800,Clear,clear sky,01d
Count: 168,200,2802985,0.009276262,168,1589810400,296.31,298.34,1015,68,294.82,297.59,0.45,0,0,800,Clear,clear sky,01d
Count: 168,200,2802985,0.009276262,168,1589814000,296.25,293.38,1022,43,295.15,297.59,4.1,260,0,800,Clear,clear sky,01d
Count: 168,200,2802985,0.009276262,168,1589817600,296.44,294.38,1022,40,295.37,297.59,2.6,280,1,800,Clear,clear sky,01d
Count: 168,200,2802985,0.009276262,168,1589821200,296.19,292.91,1022,35,295.93,296.48,3.6,260,1,800,Clear,clear sky,01d
Count: 168,200,2802985,0.009276262,168,1589824800,294.57,291.51,1022,37,294.26,295.37,3.1,270,2,800,Clear,clear sky,01d
Count: 168,200,2802985,0.009276262,168,1589828400,291.41,290.89,1022,55,290.37,292.59,0.45,109,22,801,Clouds,few clouds,02d
Count: 168,200,2802985,0.009276262,168,1589832000,288.45,287.05,1023,66,287.04,290.37,1.69,285,45,802,Clouds,scattered clouds,03n
Count: 168,200,2802985,0.009276262,168,1589835600,285.63,281.76,1023,41,283.71,289.15,2.6,330,30,802,Clouds,scattered clouds,03n
Count: 168,200,2802985,0.009276262,168,1589839200,283.64,281.85,1023,82,282.59,285.93,1.74,200,31,802,Clouds,scattered clouds,03n
Count: 168,200,2802985,0.009276262,168,1589842800,282.55,280.56,1023,85,281.48,284.26,1.85,204,31,802,Clouds,scattered clouds,03n
Count: 168,200,2802985,0.009276262,168,1589846400,282.2,280.13,1023,85,281.48,283.15,1.85,222,26,802,Clouds,scattered clouds,03n
Count: 168,200,2802985,0.009276262,168,1589850000,282.53,279.66,1023,76,282.04,283.15,2.6,210,0,800,Clear,clear sky,01n
Count: 168,200,2802985,0.009276262,168,1589853600,282.44,279.2,1023,76,280.93,283.71,3.1,220,0,800,Clear,clear sky,01n
Count: 168,200,2802985,0.009276262,168,1589857200,282.35,279.21,1022,70,280.93,284.26,2.6,230,26,802,Clouds,scattered clouds,03n
Count: 168,200,2802985,0.009276262,168,1589860800,282.21,278.54,1022,75,280.37,284.26,3.6,210,24,801,Clouds,few clouds,02d
Count: 168,200,2802985,0.009276262,168,1589864400,283.35,281.62,1014,63,282.04,284.82,0.45,2,25,802,Clouds,scattered clouds,03d
Count: 168,200,2802985,0.009276262,168,1589868000,285.37,283.75,1014,64,284.82,285.93,0.89,200,31,802,Clouds,scattered clouds,03d
Count: 168,200,2802985,0.009276262,168,1589871600,286.86,285.6,1015,65,286.48,287.04,0.89,196,80,803,Clouds,broken clouds,04d
Count: 168,200,2802985,0.009276262,168,1589875200,289.84,287.4,1022,40,288.71,290.37,1.34,229,74,803,Clouds,broken clouds,04d
Count: 168,200,2802985,0.009276262,168,1589878800,291.16,289.08,1022,42,289.82,292.04,1.34,280,75,803,Clouds,broken clouds,04d
Count: 168,200,2802985,0.009276262,168,1589882400,292.22,292.39,1015,66,290.93,293.71,0.89,0,60,803,Clouds,broken clouds,04d
Count: 168,200,2802985,0.009276262,168,1589886000,294.25,291.68,1022,44,293.15,295.37,3.13,303,48,802,Clouds,scattered clouds,03d
Count: 168,200,2802985,0.009276262,168,1589889600,295.51,293.86,1022,44,294.82,296.48,2.24,285,40,802,Clouds,scattered clouds,03d
Count: 168,200,2802985,0.009276262,168,1589893200,296.51,294.28,1022,38,294.82,297.59,2.6,0,6,800,Clear,clear sky,01d
Count: 168,200,2802985,0.009276262,168,1589896800,296.95,295.25,1021,43,295.37,298.15,2.68,36,32,802,Clouds,scattered clouds,03d
Count: 168,200,2802985,0.009276262,168,1589900400,296.95,295.12,1021,45,295.37,298.15,3.13,343,31,802,Clouds,scattered clouds,03d
Count: 168,200,2802985,0.009276262,168,1589904000,296.83,294.55,1021,44,296.48,297.15,3.6,340,31,802,Clouds,scattered clouds,03d
Count: 168,200,2802985,0.009276262,168,1589907600,296.4,293.85,1021,46,295.37,297.04,4.1,300,34,802,Clouds,scattered clouds,03d
Count: 168,200,2802985,0.009276262,168,1589911200,296.13,293.23,1021,43,295.93,296.48,4.1,320,30,802,Clouds,scattered clouds,03d
Count: 168,200,2802985,0.009276262,168,1589914800,294.26,294.09,1022,54,294.26,294.26,0.89,326,0,800,Clear,clear sky,01d
Count: 168,200,2802985,0.009276262,168,1589918400,292.08,289.52,1021,55,292.04,292.15,3.6,340,5,800,Clear,clear sky,01n
Count: 168,200,2802985,0.009276262,168,1589922000,289.93,287.47,1022,59,289.26,290.37,3.1,340,2,800,Clear,clear sky,01n
Count: 168,200,2802985,0.009276262,168,1589925600,289.09,287.38,1022,63,288.71,289.26,2.1,350,2,800,Clear,clear sky,01n
Count: 168,200,2802985,0.009276262,168,1589929200,287.21,285.76,1022,76,286.48,288.15,2.1,340,2,800,Clear,clear sky,01n
Count: 168,200,2802985,0.009276262,168,1589932800,286.78,285.22,1022,76,284.82,288.15,2.1,320,1,800,Clear,clear sky,01n
Count: 168,200,2802985,0.009276262,168,1589936400,286.14,284.71,1022,82,283.71,287.59,2.1,360,0,800,Clear,clear sky,01n
Count: 168,200,2802985,0.009276262,168,1589940000,285.8,284.94,1022,87,285.15,286.48,1.5,350,0,800,Clear,clear sky,01n
Count: 168,200,2802985,0.009276262,168,1589943600,284.52,283.59,1022,93,282.59,285.93,1.5,350,0,800,Clear,clear sky,01n
Count: 168,200,2802985,0.009276262,168,1589947200,284.25,282.83,1022,93,282.59,285.37,2.1,350,0,800,Clear,clear sky,01d
Count: 168,200,2802985,0.009276262,168,1589950800,285.02,283.42,1014,58,284.26,285.93,0.36,67,0,800,Clear,clear sky,01d
Count: 168,200,2802985,0.009276262,168,1589954400,287.23,285.6,1015,57,286.48,287.59,0.92,26,0,800,Clear,clear sky,01d
Count: 168,200,2802985,0.009276262,168,1589958000,288.89,287.44,1015,58,288.15,289.82,1.23,25,1,800,Clear,clear sky,01d
Count: 168,200,2802985,0.009276262,168,1589961600,290.54,290.49,1023,70,290.37,290.93,0.89,34,8,800,Clear,clear sky,01d
Count: 168,200,2802985,0.009276262,168,1589965200,291.34,290.67,1023,62,290.93,292.04,1.34,317,10,800,Clear,clear sky,01d
Count: 168,200,2802985,0.009276262,168,1589968800,292.38,290.98,1022,61,292.04,292.59,2.68,298,17,801,Clouds,few clouds,02d
Count: 168,200,2802985,0.009276262,168,1589972400,294.06,292.91,1022,58,293.71,294.26,2.68,10,21,801,Clouds,few clouds,02d
Count: 168,200,2802985,0.009276262,168,1589976000,294.2,292.94,1022,60,293.15,295.37,3.13,24,23,801,Clouds,few clouds,02d
Count: 168,200,2802985,0.009276262,168,1589979600,294.78,293.75,1022,57,294.26,295.93,2.68,57,21,801,Clouds,few clouds,02d
Count: 168,200,2802985,0.009276262,168,1589983200,295.34,294.44,1022,53,294.82,296.48,2.24,317,15,801,Clouds,few clouds,02d
Count: 168,200,2802985,0.009276262,168,1589986800,295.3,294.47,1021,54,294.26,296.48,2.24,67,14,801,Clouds,few clouds,02d
Count: 168,200,2802985,0.009276262,168,1589990400,295.31,294.4,1021,53,294.26,295.93,2.24,49,11,801,Clouds,few clouds,02d
Count: 168,200,2802985,0.009276262,168,1589994000,294.4,293.18,1021,56,293.71,295.37,2.68,69,9,800,Clear,clear sky,01d
Count: 168,200,2802985,0.009276262,168,1589997600,293.33,292.28,1021,58,293.15,293.71,2.24,342,7,800,Clear,clear sky,01d
Count: 168,200,2802985,0.009276262,168,1590001200,292.0,291.75,1021,61,291.48,292.59,0.89,349,0,800,Clear,clear sky,01d
Count: 168,200,2802985,0.009276262,168,1590004800,289.9,288.62,1022,75,288.15,291.48,2.84,53,25,802,Clouds,scattered clouds,03n
Count: 168,200,2802985,0.009276262,168,1590008400,287.32,285.92,1022,82,285.93,288.15,2.52,71,17,801,Clouds,few clouds,02n
Count: 168,200,2802985,0.009276262,168,1590012000,286.75,285.64,1022,88,284.82,288.71,2.32,86,12,801,Clouds,few clouds,02n
Count: 168,200,2802985,0.009276262,168,1590015600,285.87,284.59,1022,89,284.26,287.04,2.27,96,10,800,Clear,clear sky,01n
Count: 168,200,2802985,0.009276262,168,1590019200,285.68,283.78,1022,82,284.82,286.15,2.6,70,8,800,Clear,clear sky,01n
Count: 168,200,2802985,0.009276262,168,1590022800,285.0,283.28,1022,82,283.71,286.15,2.1,80,0,800,Clear,clear sky,01n
Count: 168,200,2802985,0.009276262,168,1590026400,284.48,282.86,1021,87,283.71,285.37,2.1,90,0,800,Clear,clear sky,01n
Count: 168,200,2802985,0.009276262,168,1590030000,284.09,282.37,1021,87,282.59,285.37,2.1,80,1,800,Clear,clear sky,01n
Count: 168,200,2802985,0.009276262,168,1590033600,283.59,283.06,1021,100,283.15,284.26,1.0,0,1,800,Clear,clear sky,01d
Count: 168,200,2802985,0.009276262,168,1590037200,284.12,283.43,1021,93,283.71,284.26,1.0,130,1,800,Clear,clear sky,01d
Count: 168,200,2802985,0.009276262,168,1590040800,287.59,285.97,1013,56,286.48,288.71,0.93,167,0,800,Clear,clear sky,01d
Count: 168,200,2802985,0.009276262,168,1590044400,289.99,288.59,1013,56,288.71,291.48,1.34,0,63,803,Clouds,broken clouds,04d
Count: 168,200,2802985,0.009276262,168,1590048000,293.95,293.69,1021,54,293.15,294.82,0.89,67,80,803,Clouds,broken clouds,04d
Count: 168,200,2802985,0.009276262,168,1590051600,294.72,294.25,1021,49,292.59,296.48,0.89,297,77,803,Clouds,broken clouds,04d
Count: 168,200,2802985,0.009276262,168,1590055200,295.73,296.97,1014,65,294.26,297.04,0.89,190,72,803,Clouds,broken clouds,04d
Count: 168,200,2802985,0.009276262,168,1590058800,297.6,296.27,1021,42,295.93,298.71,2.24,306,77,803,Clouds,broken clouds,04d
Count: 168,200,2802985,0.009276262,168,1590062400,298.9,298.1,1020,38,298.15,299.26,1.34,289,73,803,Clouds,broken clouds,04d
Count: 168,200,2802985,0.009276262,168,1590066000,299.82,297.66,1020,35,299.82,299.82,3.13,340,100,804,Clouds,overcast clouds,04d
Count: 168,200,2802985,0.009276262,168,1590069600,299.71,298.35,1020,36,299.15,300.37,2.1,210,100,804,Clouds,overcast clouds,04d
Count: 168,200,2802985,0.009276262,168,1590073200,300.62,299.78,1020,32,299.82,301.48,1.0,0,78,803,Clouds,broken clouds,04d
Count: 168,200,2802985,0.009276262,168,1590076800,300.97,299.61,1019,30,300.37,302.04,1.5,0,64,803,Clouds,broken clouds,04d
Count: 168,200,2802985,0.009276262,168,1590080400,300.1,299.14,1019,32,299.82,300.37,1.0,120,51,803,Clouds,broken clouds,04d
Count: 168,200,2802985,0.009276262,168,1590084000,299.45,298.0,1019,32,298.71,300.37,1.5,300,42,802,Clouds,scattered clouds,03d
Count: 168,200,2802985,0.009276262,168,1590087600,296.07,296.05,1019,54,295.37,296.48,1.41,262,13,801,Clouds,few clouds,02d
Count: 168,200,2802985,0.009276262,168,1590091200,292.36,292.1,1020,67,291.48,293.71,1.67,180,69,803,Clouds,broken clouds,04n
Count: 168,200,2802985,0.009276262,168,1590094800,290.51,290.65,1020,73,289.82,292.04,0.89,134,79,803,Clouds,broken clouds,04n
Count: 16,200,2802985,0.002143111,16,1590098400,289.96,290.06,1020,75,289.26,290.93,0.89,90,84,803,Clouds,broken clouds,04n
Count: 16,200,2802985,0.002143111,16,1590102000,289.62,289.62,1019,75,289.26,290.37,0.89,113,87,804,Clouds,overcast clouds,04n
Count: 16,200,2802985,0.002143111,16,1590105600,290.05,289.14,1019,72,289.26,291.48,2.1,180,89,804,Clouds,overcast clouds,04n
Count: 16,200,2802985,0.002143111,16,1590109200,289.48,288.11,1018,67,288.15,290.93,2.1,180,100,804,Clouds,overcast clouds,04n
Count: 16,200,2802985,0.002143111,16,1590112800,288.53,285.91,1010,60,287.59,289.82,2.96,176,100,804,Clouds,overcast clouds,04n
Count: 16,200,2802985,0.002143111,16,1590116400,289.26,286.65,1010,60,288.15,289.82,3.18,171,99,804,Clouds,overcast clouds,04n
Count: 16,200,2802985,0.002143111,16,1590120000,289.09,286.48,1010,60,288.15,290.37,3.12,180,99,804,Clouds,overcast clouds,04d
Count: 16,200,2802985,0.002143111,16,1590123600,289.64,286.84,1010,60,288.71,290.37,3.58,175,100,804,Clouds,overcast clouds,04d
Count: 16,200,2802985,0.002143111,16,1590127200,291.49,288.72,1010,59,290.93,292.04,4.09,185,100,804,Clouds,overcast clouds,04d
Count: 16,200,2802985,0.002143111,16,1590130800,292.96,292.5,1010,63,292.59,293.15,1.79,190,100,804,Clouds,overcast clouds,04d
Count: 16,200,2802985,0.002143111,16,1590134400,294.26,294.51,1009,63,294.26,294.26,1.34,182,100,804,Clouds,overcast clouds,04d
Count: 16,200,2802985,0.002143111,16,1590138000,295.72,295.25,1018,60,295.37,295.93,2.68,185,100,501,Rain,moderate rain,10d
Count: 16,200,2802985,0.002143111,16,1590141600,296.67,293.35,1017,60,296.15,297.59,7.2,200,100,501,Rain,moderate rain,10d
Count: 16,200,2802985,0.002143111,16,1590145200,298.15,294.98,1017,53,298.15,298.15,6.7,210,100,500,Rain,light rain,10d
Count: 16,200,2802985,0.002143111,16,1590148800,298.82,294.85,1017,50,298.15,299.15,7.7,220,100,500,Rain,light rain,10d
Count: 16,200,2802985,0.002143111,16,1590152400,299.54,295.12,1016,47,298.71,300.15,8.2,230,20,801,Clouds,few clouds,02d
